1	1.0	2.0	0.0	0.117748888751	0.882251111249	7.0	2.0	3.5	0.0	1.0	0.0	0.5	0.0	0.5	
1	0.0	1.0	0.0	0.438319851905	0.561680148095	3.0	1.0	3.0	0.0	1.0	0.0	1.0	0.0	0.0	
1	0.0	1.0	2.0	0.438319851905	0.561680148095	6.0	1.0	6.0	0.0	2.0	0.0	2.0	0.0	0.0	
1	0.0	1.0	1.0	0.647657712356	0.352342287644	4.0	1.0	4.0	1.0	0.0	1.0	0.0	0.0	0.0	
1	0.0	2.0	2.0	0.286738415806	0.713261584194	11.0	2.0	5.5	0.0	3.0	0.0	1.5	0.0	1.5	
1	0.0	2.0	1.0	0.473511409062	0.526488590938	8.0	3.0	2.66666666667	6.0	1.0	2.0	0.333333333333	1.41421356237	0.471404520791	
1	0.0	2.0	2.0	0.0367319280033	0.963268071997	8.0	2.0	4.0	2.0	1.0	1.0	0.5	1.0	0.5	
1	1.0	2.0	1.0	0.812846963489	0.187153036511	9.0	2.0	4.5	0.0	1.5	0.0	0.75	0.0	0.75	
1	0.0	0.0	1.0	0.438319851905	0.561680148095	2.0	1.0	2.0	1.0	0.0	1.0	0.0	0.0	0.0	
1	1.0	0.0	3.0	0.282545179564	0.717454820436	5.0	1.0	5.0	1.0	0.0	1.0	0.0	0.0	0.0	
1	0.0	0.0	2.0	0.438319851905	0.561680148095	3.0	1.0	3.0	0.0	1.0	0.0	1.0	0.0	0.0	
1	0.0	0.0	1.0	0.438319851905	0.561680148095	4.0	1.0	4.0	1.0	0.0	1.0	0.0	0.0	0.0	
1	1.0	0.0	1.0	0.438319851905	0.561680148095	3.0	1.0	3.0	0.0	1.0	0.0	1.0	0.0	0.0	
1	0.0	1.0	1.0	0.370662899318	0.629337100682	9.0	2.0	4.5	1.0	0.0	0.5	0.0	0.5	0.0	
1	1.0	3.0	2.0	0.0394960331684	0.960503966832	9.0	2.0	4.5	0.0	1.0	0.0	0.5	0.0	0.5	
1	2.0	0.0	2.0	0.282081064261	0.717918935739	4.0	1.0	4.0	1.0	0.0	1.0	0.0	0.0	0.0	
1	1.0	0.0	0.0	0.315853244981	0.684146755019	3.0	1.0	3.0	1.0	1.0	1.0	1.0	0.0	0.0	
1	1.0	0.0	0.0	0.163880007152	0.836119992848	4.0	1.0	4.0	0.0	2.0	0.0	2.0	0.0	0.0	
1	0.0	0.0	1.0	0.438319851905	0.561680148095	4.0	1.0	4.0	0.0	1.0	0.0	1.0	0.0	0.0	
1	1.0	0.0	0.0	0.438319851905	0.561680148095	5.0	1.0	5.0	0.0	1.0	0.0	1.0	0.0	0.0	
1	0.0	1.0	3.0	0.438319851905	0.561680148095	6.0	1.0	6.0	0.0	1.0	0.0	1.0	0.0	0.0	
1	1.0	0.0	1.0	0.647657712356	0.352342287644	5.0	1.0	5.0	1.0	0.0	1.0	0.0	0.0	0.0	
1	1.0	0.0	1.0	0.647657712356	0.352342287644	6.0	1.0	6.0	1.0	0.0	1.0	0.0	0.0	0.0	
1	0.0	0.0	2.0	0.408408060415	0.591591939585	10.0	2.0	5.0	2.0	0.0	1.0	0.0	1.0	0.0	
1	0.0	0.0	10.0	0.438319851905	0.561680148095	15.0	1.0	15.0	0.0	5.0	0.0	5.0	0.0	0.0	
1	1.0	0.0	0.0	0.438319851905	0.561680148095	3.0	1.0	3.0	0.0	1.0	0.0	1.0	0.0	0.0	
1	0.0	0.0	0.0	0.438319851905	0.561680148095	2.0	1.0	2.0	0.0	1.0	0.0	1.0	0.0	0.0	
1	1.0	1.0	0.0	0.880675006879	0.119324993121	5.0	2.0	2.5	0.0	1.0	0.0	0.5	0.0	0.5	
1	0.0	0.0	3.0	0.254394593072	0.745605406928	9.0	1.0	9.0	0.0	1.0	0.0	1.0	0.0	0.0	
1	0.0	1.0	2.0	0.438319851905	0.561680148095	6.0	1.0	6.0	0.0	1.0	0.0	1.0	0.0	0.0	
1	1.0	1.0	1.0	0.438319851905	0.561680148095	9.0	2.0	4.5	0.0	1.0	0.0	0.5	0.0	0.5	
1	1.0	1.0	0.0	0.193829070307	0.806170929693	7.0	1.0	7.0	0.0	1.25	0.0	1.25	0.0	0.0	
1	0.0	1.0	1.0	0.0631026900374	0.936897309963	5.0	1.0	5.0	0.0	1.0	0.0	1.0	0.0	0.0	
1	0.0	0.0	1.0	0.438319851905	0.561680148095	4.0	1.0	4.0	0.0	1.0	0.0	1.0	0.0	0.0	
1	1.0	0.0	0.0	0.679328859681	0.320671140319	8.0	2.0	4.0	7.0	0.0	3.5	0.0	3.5	0.0	
1	0.0	0.0	3.0	0.438319851905	0.561680148095	5.0	2.0	2.5	0.0	1.0	0.0	0.5	0.0	0.5	
1	0.0	1.0	1.0	0.117748888751	0.882251111249	3.0	1.0	3.0	0.0	0.0	0.0	0.0	0.0	0.0	
1	0.0	0.0	1.0	0.192157698386	0.807842301614	3.0	1.0	3.0	0.0	1.0	0.0	1.0	0.0	0.0	
1	0.0	0.0	3.0	0.128037522665	0.871962477335	7.0	1.0	7.0	0.0	1.0	0.0	1.0	0.0	0.0	
1	0.0	1.0	0.0	0.258609576284	0.741390423716	5.0	1.0	5.0	0.0	1.0	0.0	1.0	0.0	0.0	
1	0.0	1.0	1.0	0.438319851905	0.561680148095	4.0	1.0	4.0	1.0	0.0	1.0	0.0	0.0	0.0	
1	0.0	0.0	1.0	0.438319851905	0.561680148095	2.0	1.0	2.0	0.0	1.0	0.0	1.0	0.0	0.0	
1	1.0	1.0	2.0	0.074676436704	0.925323563296	6.0	1.0	6.0	0.0	1.0	0.0	1.0	0.0	0.0	
1	0.0	0.0	2.0	0.438319851905	0.561680148095	6.0	1.0	6.0	0.0	1.0	0.0	1.0	0.0	0.0	
1	0.0	0.0	2.0	0.438319851905	0.561680148095	5.0	1.0	5.0	0.0	2.0	0.0	2.0	0.0	0.0	
1	0.0	0.0	2.0	0.473511409062	0.526488590938	13.0	3.0	4.33333333333	0.0	6.25	0.0	2.08333333333	0.0	2.94627825494	
1	0.0	0.0	1.0	0.438319851905	0.561680148095	4.0	1.0	4.0	0.0	1.0	0.0	1.0	0.0	0.0	
1	0.0	1.0	2.0	0.438319851905	0.561680148095	12.0	2.0	6.0	1.0	0.0	0.5	0.0	0.5	0.0	
1	0.0	0.0	1.0	0.115092891157	0.884907108843	4.0	1.0	4.0	1.0	0.0	1.0	0.0	0.0	0.0	
1	0.0	0.0	4.0	0.438319851905	0.561680148095	7.0	1.0	7.0	0.0	1.0	0.0	1.0	0.0	0.0	
1	0.0	0.0	1.0	0.305309792635	0.694690207365	10.0	2.0	5.0	0.0	1.0	0.0	0.5	0.0	0.5	
1	0.0	0.0	1.0	0.438319851905	0.561680148095	4.0	1.0	4.0	0.0	1.0	0.0	1.0	0.0	0.0	
1	1.0	1.0	0.0	0.438319851905	0.561680148095	5.0	1.0	5.0	1.0	1.0	1.0	1.0	0.0	0.0	
1	0.0	1.0	2.0	0.0101137195136	0.989886280486	9.0	3.0	3.0	0.0	1.0	0.0	0.333333333333	0.0	0.471404520791	
1	1.0	0.0	1.0	0.438319851905	0.561680148095	2.0	1.0	2.0	0.0	1.0	0.0	1.0	0.0	0.0	
1	2.0	1.0	3.0	0.332353920156	0.667646079844	11.0	1.0	11.0	1.0	0.0	1.0	0.0	0.0	0.0	
1	1.0	1.0	0.0	0.305309792635	0.694690207365	13.0	3.0	4.33333333333	0.0	1.0	0.0	0.333333333333	0.0	0.471404520791	
1	0.0	0.0	1.0	0.282545179564	0.717454820436	2.0	1.0	2.0	0.0	1.0	0.0	1.0	0.0	0.0	
1	2.0	0.0	0.0	0.438319851905	0.561680148095	2.0	1.0	2.0	0.0	2.0	0.0	2.0	0.0	0.0	
1	0.0	0.0	2.0	0.105848104729	0.894151895271	7.0	2.0	3.5	1.0	1.0	0.5	0.5	0.5	0.5	
1	1.0	0.0	1.0	0.438319851905	0.561680148095	2.0	1.0	2.0	1.0	1.0	1.0	1.0	0.0	0.0	
1	0.0	1.0	2.0	0.0943309566486	0.905669043351	6.0	1.0	6.0	0.0	1.0	0.0	1.0	0.0	0.0	
1	0.0	1.0	2.0	0.119258110185	0.880741889815	9.0	1.0	9.0	1.0	0.0	1.0	0.0	0.0	0.0	
1	0.0	2.0	3.0	0.258609576284	0.741390423716	10.0	2.0	5.0	1.0	0.0	0.5	0.0	0.5	0.0	
1	1.0	0.0	0.0	0.438319851905	0.561680148095	1.0	1.0	1.0	0.0	1.0	0.0	1.0	0.0	0.0	
1	0.0	0.0	2.0	0.438319851905	0.561680148095	6.0	2.0	3.0	1.0	0.0	0.5	0.0	0.5	0.0	
1	0.0	0.0	1.0	0.665279692578	0.334720307422	4.0	1.0	4.0	1.0	1.0	1.0	1.0	0.0	0.0	
1	1.0	0.0	2.0	0.101138828844	0.898861171156	14.0	3.0	4.66666666667	0.0	1.0	0.0	0.333333333333	0.0	0.471404520791	
1	0.0	0.0	0.0	0.152669452365	0.847330547635	4.0	1.0	4.0	1.0	1.0	1.0	1.0	0.0	0.0	
1	0.0	1.0	1.0	0.438319851905	0.561680148095	7.0	1.0	7.0	0.0	1.0	0.0	1.0	0.0	0.0	
1	0.0	1.0	0.0	0.193829070307	0.806170929693	5.0	1.0	5.0	1.0	0.0	1.0	0.0	0.0	0.0	
1	0.0	0.0	2.0	0.473511409062	0.526488590938	6.0	1.0	6.0	0.0	3.0	0.0	3.0	0.0	0.0	
1	0.0	0.0	1.0	0.163880007152	0.836119992848	4.0	1.0	4.0	0.0	1.0	0.0	1.0	0.0	0.0	
1	0.0	0.0	3.0	0.182314193663	0.817685806337	8.0	2.0	4.0	0.0	1.0	0.0	0.5	0.0	0.5	
1	0.0	0.0	1.0	0.438319851905	0.561680148095	4.0	1.0	4.0	1.0	1.0	1.0	1.0	0.0	0.0	
1	0.0	0.0	2.0	0.438319851905	0.561680148095	10.0	2.0	5.0	0.0	2.0	0.0	1.0	0.0	0.0	
1	1.0	1.0	1.0	0.647657712356	0.352342287644	6.0	1.0	6.0	1.0	0.0	1.0	0.0	0.0	0.0	
1	1.0	0.0	0.0	0.438319851905	0.561680148095	6.0	2.0	3.0	0.0	1.0	0.0	0.5	0.0	0.5	
1	0.0	2.0	1.0	0.0177382907636	0.982261709236	14.0	2.0	7.0	0.0	1.0	0.0	0.5	0.0	0.5	
1	0.0	1.0	0.0	0.438319851905	0.561680148095	5.0	1.0	5.0	0.0	1.0	0.0	1.0	0.0	0.0	
1	1.0	0.0	0.0	0.647657712356	0.352342287644	2.0	1.0	2.0	1.0	0.0	1.0	0.0	0.0	0.0	
1	1.0	0.0	0.0	0.438319851905	0.561680148095	4.0	1.0	4.0	0.0	1.0	0.0	1.0	0.0	0.0	
1	0.0	0.0	1.0	0.0921241009339	0.907875899066	8.0	2.0	4.0	2.0	1.25	1.0	0.625	0.0	0.625	
1	0.0	1.0	1.0	0.117748888751	0.882251111249	4.0	1.0	4.0	0.0	1.0	0.0	1.0	0.0	0.0	
1	0.0	0.0	1.0	0.438319851905	0.561680148095	4.0	1.0	4.0	0.0	1.0	0.0	1.0	0.0	0.0	
1	0.0	0.0	2.0	0.207568703079	0.792431296921	4.0	1.0	4.0	1.0	1.0	1.0	1.0	0.0	0.0	
1	0.0	0.0	1.0	0.438319851905	0.561680148095	3.0	2.0	1.5	0.0	1.0	0.0	0.5	0.0	0.5	
1	0.0	0.0	1.0	0.438319851905	0.561680148095	3.0	1.0	3.0	0.0	1.0	0.0	1.0	0.0	0.0	
1	1.0	0.0	0.0	0.438319851905	0.561680148095	5.0	3.0	1.66666666667	0.0	1.0	0.0	0.333333333333	0.0	0.471404520791	
1	1.0	0.0	0.0	0.647657712356	0.352342287644	7.0	2.0	3.5	1.0	0.0	0.5	0.0	0.5	0.0	
1	0.0	1.0	2.0	0.438319851905	0.561680148095	8.0	2.0	4.0	0.0	1.0	0.0	0.5	0.0	0.5	
1	0.0	0.0	1.0	0.163880007152	0.836119992848	5.0	1.0	5.0	0.0	1.0	0.0	1.0	0.0	0.0	
1	1.0	0.0	2.0	0.238000285161	0.761999714839	7.0	1.0	7.0	0.0	1.5	0.0	1.5	0.0	0.0	
1	1.0	3.0	0.0	0.239180154092	0.760819845908	9.0	1.0	9.0	0.0	1.0	0.0	1.0	0.0	0.0	
1	0.0	0.0	2.0	0.438319851905	0.561680148095	5.0	1.0	5.0	0.0	2.0	0.0	2.0	0.0	0.0	
1	0.0	1.0	2.0	0.117748888751	0.882251111249	7.0	2.0	3.5	0.0	2.0	0.0	1.0	0.0	0.0	
1	1.0	0.0	1.0	0.282081064261	0.717918935739	5.0	2.0	2.5	0.0	1.0	0.0	0.5	0.0	0.5	
1	0.0	0.0	3.0	0.438319851905	0.561680148095	5.0	1.0	5.0	0.0	1.0	0.0	1.0	0.0	0.0	
1	0.0	0.0	1.0	0.438319851905	0.561680148095	2.0	1.0	2.0	0.0	1.0	0.0	1.0	0.0	0.0	
1	0.0	0.0	3.0	0.438319851905	0.561680148095	15.0	3.0	5.0	0.0	3.0	0.0	1.0	0.0	0.0	
1	0.0	0.0	0.0	0.438319851905	0.561680148095	4.0	1.0	4.0	0.0	1.0	0.0	1.0	0.0	0.0	
1	1.0	3.0	0.0	0.193829070307	0.806170929693	9.0	2.0	4.5	0.0	1.0	0.0	0.5	0.0	0.5	
1	0.0	0.0	2.0	0.152669452365	0.847330547635	7.0	2.0	3.5	0.0	1.0	0.0	0.5	0.0	0.5	
1	0.0	0.0	1.0	0.135275363298	0.864724636702	4.0	1.0	4.0	0.0	1.0	0.0	1.0	0.0	0.0	
1	1.0	1.0	1.0	0.258609576284	0.741390423716	6.0	1.0	6.0	1.0	0.0	1.0	0.0	0.0	0.0	
1	0.0	1.0	0.0	0.438319851905	0.561680148095	2.0	1.0	2.0	0.0	1.0	0.0	1.0	0.0	0.0	
1	0.0	0.0	0.0	0.438319851905	0.561680148095	2.0	1.0	2.0	0.0	1.0	0.0	1.0	0.0	0.0	
1	1.0	0.0	0.0	0.30292122105	0.69707877895	5.0	1.0	5.0	0.0	1.0	0.0	1.0	0.0	0.0	
1	1.0	0.0	2.0	0.438319851905	0.561680148095	8.0	1.0	8.0	1.0	0.0	1.0	0.0	0.0	0.0	
1	1.0	1.0	0.0	0.648368012006	0.351631987994	3.0	1.0	3.0	1.5	0.0	1.5	0.0	0.0	0.0	
1	0.0	2.0	4.0	0.298603076911	0.701396923089	15.0	3.0	5.0	1.5	2.0	0.5	0.666666666667	0.707106781187	0.942809041582	
1	0.0	1.0	1.0	0.438319851905	0.561680148095	6.0	2.0	3.0	0.0	1.0	0.0	0.5	0.0	0.5	
1	0.0	0.0	1.0	0.438319851905	0.561680148095	4.0	1.0	4.0	1.0	0.0	1.0	0.0	0.0	0.0	
1	0.0	0.0	1.0	0.438319851905	0.561680148095	3.0	1.0	3.0	1.0	0.0	1.0	0.0	0.0	0.0	
1	0.0	0.0	2.0	0.438319851905	0.561680148095	3.0	1.0	3.0	0.0	1.0	0.0	1.0	0.0	0.0	
1	0.0	0.0	1.0	0.438319851905	0.561680148095	4.0	1.0	4.0	0.0	1.0	0.0	1.0	0.0	0.0	
1	0.0	0.0	1.0	0.135275363298	0.864724636702	3.0	1.0	3.0	0.0	1.0	0.0	1.0	0.0	0.0	
1	0.0	0.0	1.0	0.438319851905	0.561680148095	5.0	2.0	2.5	0.0	1.0	0.0	0.5	0.0	0.5	
1	0.0	0.0	1.0	0.438319851905	0.561680148095	4.0	1.0	4.0	0.0	1.0	0.0	1.0	0.0	0.0	
1	0.0	0.0	0.0	0.305309792635	0.694690207365	2.0	1.0	2.0	0.0	1.0	0.0	1.0	0.0	0.0	
1	2.0	0.0	2.0	0.438319851905	0.561680148095	5.0	1.0	5.0	0.0	1.0	0.0	1.0	0.0	0.0	
1	1.0	0.0	1.0	0.282081064261	0.717918935739	5.0	2.0	2.5	0.0	1.0	0.0	0.5	0.0	0.5	
1	0.0	0.0	3.0	0.0605191553025	0.939480844697	3.0	1.0	3.0	0.0	1.0	0.0	1.0	0.0	0.0	
1	0.0	0.0	1.0	0.438319851905	0.561680148095	2.0	1.0	2.0	0.0	1.0	0.0	1.0	0.0	0.0	
1	0.0	1.0	3.0	0.438319851905	0.561680148095	10.0	1.0	10.0	1.0	0.0	1.0	0.0	0.0	0.0	
1	1.0	2.0	2.0	0.41885552183	0.58114447817	9.0	2.0	4.5	2.0	1.0	1.0	0.5	1.0	0.5	
1	1.0	0.0	3.0	0.438319851905	0.561680148095	8.0	2.0	4.0	1.0	1.0	0.5	0.5	0.5	0.5	
1	0.0	0.0	2.0	0.438319851905	0.561680148095	3.0	1.0	3.0	0.0	1.0	0.0	1.0	0.0	0.0	
1	1.0	0.0	1.0	0.305309792635	0.694690207365	6.0	1.0	6.0	0.0	1.0	0.0	1.0	0.0	0.0	
1	1.0	0.0	1.0	0.647657712356	0.352342287644	3.0	1.0	3.0	1.0	1.0	1.0	1.0	0.0	0.0	
1	0.0	0.0	0.0	0.438319851905	0.561680148095	1.0	1.0	1.0	0.0	1.0	0.0	1.0	0.0	0.0	
1	1.0	0.0	0.0	0.647657712356	0.352342287644	3.0	1.0	3.0	1.0	0.0	1.0	0.0	0.0	0.0	
1	0.0	0.0	0.0	0.473511409062	0.526488590938	6.0	2.0	3.0	3.0	0.0	1.5	0.0	1.5	0.0	
1	0.0	0.0	2.0	0.438319851905	0.561680148095	6.0	2.0	3.0	0.0	1.0	0.0	0.5	0.0	0.5	
1	0.0	0.0	2.0	0.438319851905	0.561680148095	4.0	1.0	4.0	0.0	1.0	0.0	1.0	0.0	0.0	
1	1.0	2.0	1.0	0.145310080168	0.854689919832	14.0	2.0	7.0	4.0	0.0	2.0	0.0	2.0	0.0	
1	0.0	0.0	1.0	0.162926630914	0.837073369086	9.0	2.0	4.5	0.0	0.5	0.0	0.25	0.0	0.25	
1	1.0	0.0	0.0	0.438319851905	0.561680148095	2.0	1.0	2.0	0.0	1.0	0.0	1.0	0.0	0.0	
1	1.0	1.0	0.0	0.37181370628	0.62818629372	6.0	2.0	3.0	0.0	1.0	0.0	0.5	0.0	0.5	
1	0.0	1.0	2.0	0.0699096657074	0.930090334293	11.0	3.0	3.66666666667	0.0	1.0	0.0	0.333333333333	0.0	0.471404520791	
1	0.0	0.0	1.0	0.438319851905	0.561680148095	7.0	1.0	7.0	0.0	1.0	0.0	1.0	0.0	0.0	
1	1.0	1.0	1.0	0.345712611919	0.654287388081	11.0	2.0	5.5	3.0	0.0	1.5	0.0	1.5	0.0	
1	1.0	1.0	0.0	0.438319851905	0.561680148095	4.0	1.0	4.0	1.25	0.0	1.25	0.0	0.0	0.0	
1	0.0	0.0	1.0	0.438319851905	0.561680148095	5.0	1.0	5.0	1.0	1.0	1.0	1.0	0.0	0.0	
1	0.0	1.0	2.0	0.0272360050491	0.972763994951	7.0	1.0	7.0	0.0	1.0	0.0	1.0	0.0	0.0	
1	1.0	0.0	2.0	0.282081064261	0.717918935739	5.0	2.0	2.5	1.0	0.0	0.5	0.0	0.5	0.0	
1	0.0	1.0	4.0	0.774965492896	0.225034507104	9.0	2.0	4.5	1.0	1.0	0.5	0.5	0.5	0.5	
1	1.0	0.0	0.0	0.438319851905	0.561680148095	4.0	1.0	4.0	0.0	1.0	0.0	1.0	0.0	0.0	
1	1.0	0.0	0.0	0.162926630914	0.837073369086	6.0	1.0	6.0	0.0	0.5	0.0	0.5	0.0	0.0	
1	2.0	0.0	0.0	0.647657712356	0.352342287644	3.0	1.0	3.0	1.0	0.0	1.0	0.0	0.0	0.0	
1	0.0	2.0	2.0	0.00153369217927	0.998466307821	7.0	1.0	7.0	0.0	2.0	0.0	2.0	0.0	0.0	
1	0.0	0.0	1.0	0.438319851905	0.561680148095	2.0	1.0	2.0	0.0	1.0	0.0	1.0	0.0	0.0	
1	1.0	1.0	1.0	0.438319851905	0.561680148095	4.0	1.0	4.0	1.0	0.0	1.0	0.0	0.0	0.0	
1	0.0	0.0	1.0	0.100090259522	0.899909740478	2.0	1.0	2.0	0.0	1.0	0.0	1.0	0.0	0.0	
1	2.0	1.0	2.0	0.948194657993	0.0518053420067	12.0	2.0	6.0	2.0	0.0	1.0	0.0	0.0	0.0	
1	0.0	1.0	3.0	0.120051710715	0.879948289285	18.0	2.0	9.0	1.0	0.0	0.5	0.0	0.5	0.0	
1	0.0	0.0	1.0	0.438319851905	0.561680148095	3.0	1.0	3.0	0.0	1.0	0.0	1.0	0.0	0.0	
1	0.0	0.0	1.0	0.188981718847	0.811018281153	4.0	1.0	4.0	0.0	1.0	0.0	1.0	0.0	0.0	
1	0.0	2.0	2.0	0.0736222713166	0.926377728683	9.0	2.0	4.5	0.0	2.0	0.0	1.0	0.0	1.0	
1	0.0	1.0	1.0	0.258609576284	0.741390423716	5.0	1.0	5.0	0.0	1.0	0.0	1.0	0.0	0.0	
1	1.0	1.0	1.0	0.707067369897	0.292932630103	7.0	1.0	7.0	1.0	1.0	1.0	1.0	0.0	0.0	
1	0.0	0.0	1.0	0.30292122105	0.69707877895	6.0	1.0	6.0	0.0	1.0	0.0	1.0	0.0	0.0	
1	1.0	1.0	0.0	0.162926630914	0.837073369086	10.0	2.0	5.0	0.5	1.0	0.25	0.5	0.25	0.5	
1	0.0	0.0	1.0	0.305309792635	0.694690207365	11.0	1.0	11.0	1.0	0.0	1.0	0.0	0.0	0.0	
1	0.0	0.0	1.0	0.192157698386	0.807842301614	3.0	1.0	3.0	0.0	1.0	0.0	1.0	0.0	0.0	
1	1.0	1.0	0.0	0.438319851905	0.561680148095	3.0	1.0	3.0	0.0	1.0	0.0	1.0	0.0	0.0	
1	0.0	2.0	4.0	0.0593590270224	0.940640972978	7.0	1.0	7.0	0.0	1.0	0.0	1.0	0.0	0.0	
1	0.0	0.0	0.0	0.438319851905	0.561680148095	2.0	1.0	2.0	0.0	1.0	0.0	1.0	0.0	0.0	
1	0.0	1.0	1.0	0.117748888751	0.882251111249	4.0	1.0	4.0	0.0	1.0	0.0	1.0	0.0	0.0	
1	0.0	0.0	3.0	0.062501421359	0.937498578641	13.0	2.0	6.5	1.0	1.0	0.5	0.5	0.5	0.5	
1	0.0	3.0	6.0	0.438319851905	0.561680148095	12.0	3.0	4.0	0.0	1.0	0.0	0.333333333333	0.0	0.471404520791	
1	0.0	1.0	4.0	0.0593590270224	0.940640972978	8.0	1.0	8.0	0.0	1.0	0.0	1.0	0.0	0.0	
1	1.0	0.0	0.0	0.438319851905	0.561680148095	2.0	1.0	2.0	0.0	1.0	0.0	1.0	0.0	0.0	
1	2.0	3.0	4.0	0.133364946381	0.866635053619	20.0	3.0	6.66666666667	0.5	0.5	0.166666666667	0.166666666667	0.235702260396	0.235702260396	
1	0.0	0.0	1.0	0.438319851905	0.561680148095	3.0	1.0	3.0	0.0	1.0	0.0	1.0	0.0	0.0	
1	0.0	0.0	2.0	0.0319086394303	0.96809136057	8.0	2.0	4.0	0.0	1.0	0.0	0.5	0.0	0.5	
1	0.0	0.0	1.0	0.438319851905	0.561680148095	3.0	1.0	3.0	0.0	1.0	0.0	1.0	0.0	0.0	
1	0.0	0.0	3.0	0.305309792635	0.694690207365	14.0	3.0	4.66666666667	2.0	0.0	0.666666666667	0.0	0.942809041582	0.0	
1	0.0	0.0	3.0	0.192157698386	0.807842301614	4.0	1.0	4.0	0.0	2.0	0.0	2.0	0.0	0.0	
1	0.0	0.0	3.0	0.282545179564	0.717454820436	5.0	1.0	5.0	1.0	0.0	1.0	0.0	0.0	0.0	
1	1.0	0.0	0.0	0.706067573214	0.293932426786	4.0	1.0	4.0	1.0	1.0	1.0	1.0	0.0	0.0	
1	0.0	0.0	0.0	0.438319851905	0.561680148095	3.0	1.0	3.0	1.0	1.0	1.0	1.0	0.0	0.0	
1	1.0	2.0	1.0	0.438319851905	0.561680148095	6.0	1.0	6.0	0.0	1.0	0.0	1.0	0.0	0.0	
1	1.0	0.0	2.0	0.344342049088	0.655657950912	9.0	1.0	9.0	1.0	1.0	1.0	1.0	0.0	0.0	
1	0.0	1.0	0.0	0.438319851905	0.561680148095	4.0	1.0	4.0	0.0	1.0	0.0	1.0	0.0	0.0	
1	0.0	0.0	0.0	0.438319851905	0.561680148095	2.0	1.0	2.0	0.0	1.0	0.0	1.0	0.0	0.0	
1	0.0	1.0	1.0	0.0177382907636	0.982261709236	7.0	1.0	7.0	0.0	1.0	0.0	1.0	0.0	0.0	
1	3.0	0.0	1.0	0.354367160591	0.645632839409	6.0	2.0	3.0	1.0	0.0	0.5	0.0	0.5	0.0	
1	0.0	0.0	1.0	0.117748888751	0.882251111249	4.0	1.0	4.0	2.0	0.0	2.0	0.0	0.0	0.0	
1	0.0	0.0	4.0	0.163880007152	0.836119992848	13.0	1.0	13.0	0.0	1.0	0.0	1.0	0.0	0.0	
1	1.0	0.0	1.0	0.438319851905	0.561680148095	5.0	1.0	5.0	1.0	0.0	1.0	0.0	0.0	0.0	
1	1.0	0.0	1.0	0.438319851905	0.561680148095	4.0	1.0	4.0	0.0	1.0	0.0	1.0	0.0	0.0	
1	0.0	0.0	1.0	0.100090259522	0.899909740478	2.0	1.0	2.0	0.0	1.0	0.0	1.0	0.0	0.0	
1	0.0	0.0	0.0	0.438319851905	0.561680148095	2.0	1.0	2.0	0.0	1.0	0.0	1.0	0.0	0.0	
1	0.0	1.0	2.0	0.119258110185	0.880741889815	7.0	2.0	3.5	0.0	1.0	0.0	0.5	0.0	0.5	
1	0.0	0.0	1.0	0.0833479770609	0.916652022939	5.0	2.0	2.5	0.0	2.0	0.0	1.0	0.0	1.0	
1	1.0	0.0	0.0	0.438319851905	0.561680148095	4.0	1.0	4.0	0.0	1.0	0.0	1.0	0.0	0.0	
1	0.0	2.0	2.0	0.00896844950054	0.991031550499	5.0	1.0	5.0	0.0	1.0	0.0	1.0	0.0	0.0	
1	0.0	1.0	1.0	0.282081064261	0.717918935739	6.0	1.0	6.0	0.0	1.0	0.0	1.0	0.0	0.0	
1	0.0	1.0	2.0	0.438319851905	0.561680148095	8.0	2.0	4.0	0.0	1.0	0.0	0.5	0.0	0.5	
1	0.0	1.0	2.0	0.061593262855	0.938406737145	10.0	2.0	5.0	0.0	1.0	0.0	0.5	0.0	0.5	
1	0.0	0.0	2.0	0.0621582288271	0.937841771173	11.0	1.0	11.0	0.0	1.0	0.0	1.0	0.0	0.0	
1	0.0	0.0	3.0	0.0266046929302	0.97339530707	8.0	1.0	8.0	1.0	1.0	1.0	1.0	0.0	0.0	
1	0.0	1.0	1.0	0.438319851905	0.561680148095	4.0	2.0	2.0	0.0	1.0	0.0	0.5	0.0	0.5	
1	1.0	0.0	0.0	0.438319851905	0.561680148095	4.0	1.0	4.0	1.0	0.0	1.0	0.0	0.0	0.0	
1	0.0	0.0	1.0	0.438319851905	0.561680148095	2.0	1.0	2.0	0.0	1.0	0.0	1.0	0.0	0.0	
1	0.0	1.0	2.0	0.117748888751	0.882251111249	8.0	1.0	8.0	1.0	0.0	1.0	0.0	0.0	0.0	
1	0.0	0.0	2.0	0.100090259522	0.899909740478	5.0	2.0	2.5	0.0	1.0	0.0	0.5	0.0	0.5	
1	0.0	1.0	1.0	0.95319810978	0.0468018902203	5.0	1.0	5.0	1.0	0.0	1.0	0.0	0.0	0.0	
1	0.0	0.0	3.0	0.438319851905	0.561680148095	11.0	2.0	5.5	0.0	1.0	0.0	0.5	0.0	0.5	
1	0.0	0.0	1.0	0.438319851905	0.561680148095	3.0	1.0	3.0	0.0	1.0	0.0	1.0	0.0	0.0	
1	0.0	0.0	1.0	0.438319851905	0.561680148095	4.0	1.0	4.0	0.0	1.0	0.0	1.0	0.0	0.0	
1	0.0	2.0	4.0	0.0198440137091	0.980155986291	11.0	2.0	5.5	0.0	1.0	0.0	0.5	0.0	0.5	
1	3.0	1.0	3.0	0.135275363298	0.864724636702	15.0	1.0	15.0	1.875	0.0	1.875	0.0	0.0	0.0	
1	0.0	0.0	0.0	0.438319851905	0.561680148095	2.0	1.0	2.0	0.0	1.0	0.0	1.0	0.0	0.0	
1	0.0	0.0	3.0	0.438319851905	0.561680148095	12.0	3.0	4.0	1.0	0.0	0.333333333333	0.0	0.471404520791	0.0	
1	1.0	0.0	2.0	0.438319851905	0.561680148095	5.0	1.0	5.0	0.0	1.0	0.0	1.0	0.0	0.0	
1	0.0	1.0	1.0	0.193829070307	0.806170929693	4.0	1.0	4.0	0.0	1.25	0.0	1.25	0.0	0.0	
1	0.0	1.0	0.0	0.561747598917	0.438252401083	4.0	1.0	4.0	0.0	1.0	0.0	1.0	0.0	0.0	
1	0.0	0.0	0.0	0.438319851905	0.561680148095	4.0	1.0	4.0	0.0	1.0	0.0	1.0	0.0	0.0	
1	0.0	1.0	2.0	0.258609576284	0.741390423716	6.0	2.0	3.0	1.0	0.0	0.5	0.0	0.5	0.0	
1	0.0	1.0	2.0	0.117748888751	0.882251111249	9.0	1.0	9.0	1.0	0.0	1.0	0.0	0.0	0.0	
1	0.0	0.0	0.0	0.438319851905	0.561680148095	2.0	1.0	2.0	0.0	1.0	0.0	1.0	0.0	0.0	
1	0.0	0.0	2.0	0.192157698386	0.807842301614	5.0	1.0	5.0	0.0	1.0	0.0	1.0	0.0	0.0	
1	0.0	0.0	1.0	0.438319851905	0.561680148095	4.0	2.0	2.0	0.0	2.0	0.0	1.0	0.0	0.0	
1	1.0	2.0	2.0	0.116754342242	0.883245657758	5.0	1.0	5.0	0.0	1.0	0.0	1.0	0.0	0.0	
1	1.0	0.0	1.0	0.438319851905	0.561680148095	7.0	2.0	3.5	0.0	2.0	0.0	1.0	0.0	1.0	
1	2.0	1.0	1.0	0.679328859681	0.320671140319	17.0	2.0	8.5	1.0	7.0	0.5	3.5	0.5	3.5	
1	0.0	1.0	1.0	0.258609576284	0.741390423716	3.0	1.0	3.0	0.0	1.0	0.0	1.0	0.0	0.0	
1	2.0	0.0	1.0	0.117748888751	0.882251111249	4.0	1.0	4.0	0.0	1.0	0.0	1.0	0.0	0.0	
1	0.0	0.0	0.0	0.152669452365	0.847330547635	2.0	1.0	2.0	0.0	1.0	0.0	1.0	0.0	0.0	
1	0.0	1.0	2.0	0.438319851905	0.561680148095	9.0	2.0	4.5	0.0	1.0	0.0	0.5	0.0	0.5	
1	0.0	0.0	1.0	0.438319851905	0.561680148095	5.0	1.0	5.0	1.0	1.0	1.0	1.0	0.0	0.0	
1	1.0	0.0	1.0	0.438319851905	0.561680148095	3.0	1.0	3.0	1.0	0.0	1.0	0.0	0.0	0.0	
1	0.0	0.0	0.0	0.152669452365	0.847330547635	2.0	1.0	2.0	0.0	1.0	0.0	1.0	0.0	0.0	
1	0.0	0.0	1.0	0.438319851905	0.561680148095	4.0	1.0	4.0	1.0	0.0	1.0	0.0	0.0	0.0	
1	0.0	0.0	1.0	0.305309792635	0.694690207365	4.0	1.0	4.0	0.0	1.0	0.0	1.0	0.0	0.0	
1	0.0	0.0	2.0	0.438319851905	0.561680148095	5.0	1.0	5.0	0.0	1.0	0.0	1.0	0.0	0.0	
1	1.0	1.0	2.0	0.438319851905	0.561680148095	7.0	1.0	7.0	0.0	1.0	0.0	1.0	0.0	0.0	
1	0.0	1.0	1.0	0.0455134563727	0.954486543627	5.0	1.0	5.0	0.0	1.0	0.0	1.0	0.0	0.0	
1	0.0	1.0	0.0	0.438319851905	0.561680148095	5.0	1.0	5.0	0.0	1.0	0.0	1.0	0.0	0.0	
1	8.0	0.0	0.0	0.438319851905	0.561680148095	8.0	1.0	8.0	0.0	8.0	0.0	8.0	0.0	0.0	
1	1.0	0.0	4.0	0.438319851905	0.561680148095	11.0	2.0	5.5	1.0	2.0	0.5	1.0	0.5	1.0	
1	0.0	0.0	1.0	0.196615872652	0.803384127348	5.0	1.0	5.0	0.0	1.0	0.0	1.0	0.0	0.0	
1	1.0	0.0	2.0	0.105848104729	0.894151895271	7.0	1.0	7.0	1.0	0.0	1.0	0.0	0.0	0.0	
1	0.0	0.0	2.0	0.165790535881	0.834209464119	7.0	1.0	7.0	2.0	2.0	2.0	2.0	0.0	0.0	
1	0.0	3.0	2.0	0.0198440137091	0.980155986291	7.0	2.0	3.5	0.0	1.0	0.0	0.5	0.0	0.5	
1	0.0	1.0	1.0	0.074676436704	0.925323563296	4.0	1.0	4.0	0.0	1.25	0.0	1.25	0.0	0.0	
1	0.0	0.0	5.0	0.0809689576592	0.919031042341	14.0	3.0	4.66666666667	1.0	2.0	0.333333333333	0.666666666667	0.471404520791	0.471404520791	
1	1.0	0.0	0.0	0.438319851905	0.561680148095	1.0	1.0	1.0	0.0	1.0	0.0	1.0	0.0	0.0	
1	2.0	1.0	3.0	0.679328859681	0.320671140319	15.0	2.0	7.5	4.25	0.0	2.125	0.0	2.125	0.0	
1	0.0	0.0	0.0	0.438319851905	0.561680148095	1.0	1.0	1.0	0.0	1.0	0.0	1.0	0.0	0.0	
1	0.0	2.0	6.0	0.17446598583	0.82553401417	18.0	2.0	9.0	1.0	0.0	0.5	0.0	0.5	0.0	
1	2.0	0.0	0.0	0.234513173025	0.765486826975	5.0	1.0	5.0	1.0	0.0	1.0	0.0	0.0	0.0	
1	0.0	0.0	1.0	0.282081064261	0.717918935739	11.0	1.0	11.0	0.0	1.0	0.0	1.0	0.0	0.0	
1	0.0	1.0	1.0	0.0198440137091	0.980155986291	8.0	2.0	4.0	0.0	1.0	0.0	0.5	0.0	0.5	
1	0.0	0.0	1.0	0.135275363298	0.864724636702	2.0	1.0	2.0	0.0	1.0	0.0	1.0	0.0	0.0	
1	0.0	0.0	1.0	0.0833479770609	0.916652022939	4.0	1.0	4.0	0.0	1.0	0.0	1.0	0.0	0.0	
1	1.0	0.0	1.0	0.438319851905	0.561680148095	4.0	1.0	4.0	1.0	0.0	1.0	0.0	0.0	0.0	
1	1.0	0.0	0.0	0.163880007152	0.836119992848	2.0	1.0	2.0	0.0	1.0	0.0	1.0	0.0	0.0	
1	0.0	0.0	1.0	0.438319851905	0.561680148095	4.0	1.0	4.0	0.0	1.0	0.0	1.0	0.0	0.0	
1	0.0	3.0	6.0	0.018491677622	0.981508322378	12.0	1.0	12.0	0.0	3.0	0.0	3.0	0.0	0.0	
1	1.0	0.0	1.0	0.438319851905	0.561680148095	3.0	1.0	3.0	0.0	2.0	0.0	2.0	0.0	0.0	
1	1.0	0.0	3.0	0.207568703079	0.792431296921	9.0	1.0	9.0	1.0	0.0	1.0	0.0	0.0	0.0	
1	2.0	0.0	0.0	0.647657712356	0.352342287644	5.0	1.0	5.0	1.0	1.0	1.0	1.0	0.0	0.0	
1	0.0	1.0	2.0	0.135275363298	0.864724636702	5.0	1.0	5.0	0.0	1.0	0.0	1.0	0.0	0.0	
1	1.0	0.0	0.0	0.438319851905	0.561680148095	4.0	1.0	4.0	0.0	1.0	0.0	1.0	0.0	0.0	
1	1.0	0.0	0.0	0.438319851905	0.561680148095	3.0	1.0	3.0	0.0	1.0	0.0	1.0	0.0	0.0	
1	1.0	0.0	1.0	0.648368012006	0.351631987994	4.0	1.0	4.0	0.0	1.5	0.0	1.5	0.0	0.0	
1	0.0	1.0	2.0	0.438319851905	0.561680148095	8.0	2.0	4.0	0.0	1.0	0.0	0.5	0.0	0.5	
1	0.0	0.0	2.0	0.100090259522	0.899909740478	5.0	2.0	2.5	0.0	1.0	0.0	0.5	0.0	0.5	
1	0.0	0.0	0.0	0.438319851905	0.561680148095	4.0	1.0	4.0	0.0	1.0	0.0	1.0	0.0	0.0	
1	1.0	1.0	1.0	0.679328859681	0.320671140319	12.0	2.0	6.0	9.0	2.0	4.5	1.0	4.5	1.0	
1	1.0	1.0	2.0	0.438319851905	0.561680148095	9.0	2.0	4.5	0.0	1.0	0.0	0.5	0.0	0.5	
1	0.0	0.0	1.0	0.207568703079	0.792431296921	3.0	1.0	3.0	0.0	1.0	0.0	1.0	0.0	0.0	
1	0.0	0.0	2.0	0.0984044822866	0.901595517713	3.0	1.0	3.0	0.0	1.0	0.0	1.0	0.0	0.0	
1	0.0	0.0	1.0	0.438319851905	0.561680148095	3.0	1.0	3.0	0.0	1.0	0.0	1.0	0.0	0.0	
1	1.0	0.0	2.0	0.0621124541741	0.937887545826	8.0	2.0	4.0	1.0	1.0	0.5	0.5	0.5	0.5	
1	0.0	1.0	2.0	0.0804737590422	0.919526240958	11.0	2.0	5.5	0.0	1.0	0.0	0.5	0.0	0.5	
1	1.0	1.0	2.0	0.258609576284	0.741390423716	10.0	2.0	5.0	0.0	2.0	0.0	1.0	0.0	0.0	
1	0.0	0.0	2.0	0.438319851905	0.561680148095	7.0	2.0	3.5	0.0	1.0	0.0	0.5	0.0	0.5	
1	0.0	1.0	1.0	0.707067369897	0.292932630103	5.0	1.0	5.0	1.0	0.0	1.0	0.0	0.0	0.0	
1	0.0	0.0	1.0	0.438319851905	0.561680148095	2.0	1.0	2.0	1.0	0.0	1.0	0.0	0.0	0.0	
1	2.0	0.0	1.0	0.647657712356	0.352342287644	2.0	1.0	2.0	1.0	0.0	1.0	0.0	0.0	0.0	
1	0.0	2.0	1.0	0.438319851905	0.561680148095	9.0	2.0	4.5	2.0	0.0	1.0	0.0	1.0	0.0	
1	1.0	1.0	3.0	0.438319851905	0.561680148095	8.0	1.0	8.0	1.0	0.0	1.0	0.0	0.0	0.0	
1	0.0	0.0	1.0	0.135275363298	0.864724636702	3.0	1.0	3.0	0.0	1.0	0.0	1.0	0.0	0.0	
1	0.0	1.0	3.0	0.0380465894534	0.961953410547	8.0	2.0	4.0	1.0	0.0	0.5	0.0	0.5	0.0	
1	0.0	0.0	2.0	0.438319851905	0.561680148095	6.0	1.0	6.0	1.0	2.0	1.0	2.0	0.0	0.0	
1	0.0	0.0	1.0	0.305309792635	0.694690207365	9.0	1.0	9.0	0.0	1.0	0.0	1.0	0.0	0.0	
1	1.0	0.0	2.0	0.0373844315914	0.962615568409	12.0	2.0	6.0	1.0	0.0	0.5	0.0	0.5	0.0	
1	0.0	0.0	1.0	0.438319851905	0.561680148095	4.0	1.0	4.0	0.0	1.0	0.0	1.0	0.0	0.0	
1	1.0	0.0	0.0	0.438319851905	0.561680148095	4.0	2.0	2.0	0.0	1.0	0.0	0.5	0.0	0.5	
1	0.0	0.0	1.0	0.438319851905	0.561680148095	6.0	2.0	3.0	0.0	1.0	0.0	0.5	0.0	0.5	
1	0.0	0.0	0.0	0.438319851905	0.561680148095	2.0	1.0	2.0	0.0	1.0	0.0	1.0	0.0	0.0	
1	1.0	1.0	1.0	0.207568703079	0.792431296921	11.0	2.0	5.5	0.0	1.0	0.0	0.5	0.0	0.5	
1	2.0	0.0	0.0	0.438319851905	0.561680148095	2.0	1.0	2.0	0.0	1.0	0.0	1.0	0.0	0.0	
1	1.0	1.0	1.0	0.438319851905	0.561680148095	7.0	2.0	3.5	2.0	0.0	1.0	0.0	1.0	0.0	
1	1.0	0.0	1.0	0.438319851905	0.561680148095	3.0	1.0	3.0	1.0	0.0	1.0	0.0	0.0	0.0	
1	1.0	1.0	1.0	0.786478614144	0.213521385856	6.0	1.0	6.0	1.0	0.0	1.0	0.0	0.0	0.0	
1	1.0	0.0	4.0	0.0755761141611	0.924423885839	11.0	2.0	5.5	0.0	2.0	0.0	1.0	0.0	1.0	
1	0.0	0.0	1.0	0.438319851905	0.561680148095	5.0	2.0	2.5	0.0	1.0	0.0	0.5	0.0	0.5	
1	0.0	0.0	1.0	0.438319851905	0.561680148095	5.0	1.0	5.0	1.0	0.0	1.0	0.0	0.0	0.0	
1	0.0	0.0	0.0	0.135275363298	0.864724636702	5.0	1.0	5.0	0.0	1.0	0.0	1.0	0.0	0.0	
1	1.0	1.0	1.0	0.438319851905	0.561680148095	4.0	1.0	4.0	0.0	2.0	0.0	2.0	0.0	0.0	
1	0.0	0.0	2.0	0.438319851905	0.561680148095	4.0	1.0	4.0	0.0	1.0	0.0	1.0	0.0	0.0	
1	0.0	0.0	1.0	0.438319851905	0.561680148095	2.0	1.0	2.0	0.0	1.0	0.0	1.0	0.0	0.0	
1	2.0	0.0	0.0	0.438319851905	0.561680148095	8.0	3.0	2.66666666667	0.0	2.0	0.0	0.666666666667	0.0	0.471404520791	
1	0.0	1.0	1.0	0.117748888751	0.882251111249	2.0	1.0	2.0	0.0	1.0	0.0	1.0	0.0	0.0	
1	0.0	1.0	3.0	0.258609576284	0.741390423716	14.0	3.0	4.66666666667	1.0	0.0	0.333333333333	0.0	0.471404520791	0.0	
1	1.0	1.0	3.0	0.207568703079	0.792431296921	13.0	3.0	4.33333333333	1.0	1.0	0.333333333333	0.333333333333	0.471404520791	0.471404520791	
1	1.0	0.0	4.0	0.101138828844	0.898861171156	10.0	1.0	10.0	0.0	1.0	0.0	1.0	0.0	0.0	
1	0.0	0.0	0.0	0.438319851905	0.561680148095	2.0	1.0	2.0	0.0	1.0	0.0	1.0	0.0	0.0	
1	1.0	0.0	0.0	0.438319851905	0.561680148095	2.0	1.0	2.0	0.0	1.0	0.0	1.0	0.0	0.0	
1	0.0	0.0	1.0	0.207568703079	0.792431296921	5.0	2.0	2.5	0.0	1.0	0.0	0.5	0.0	0.5	
1	0.0	1.0	2.0	0.298603076911	0.701396923089	5.0	1.0	5.0	0.0	1.0	0.0	1.0	0.0	0.0	
1	0.0	1.0	2.0	0.0994103924536	0.900589607546	11.0	1.0	11.0	0.0	1.0	0.0	1.0	0.0	0.0	
1	0.0	0.0	1.0	0.438319851905	0.561680148095	8.0	3.0	2.66666666667	0.0	2.0	0.0	0.666666666667	0.0	0.471404520791	
1	0.0	0.0	0.0	0.438319851905	0.561680148095	2.0	1.0	2.0	0.0	1.0	0.0	1.0	0.0	0.0	
1	0.0	2.0	3.0	0.438319851905	0.561680148095	15.0	2.0	7.5	0.0	1.0	0.0	0.5	0.0	0.5	
1	1.0	1.0	2.0	0.188981718847	0.811018281153	11.0	2.0	5.5	0.0	3.5	0.0	1.75	0.0	0.25	
1	0.0	1.0	1.0	0.438319851905	0.561680148095	4.0	1.0	4.0	0.0	1.0	0.0	1.0	0.0	0.0	
1	1.0	1.0	0.0	0.193829070307	0.806170929693	6.0	1.0	6.0	0.0	1.25	0.0	1.25	0.0	0.0	
1	0.0	2.0	6.0	0.438319851905	0.561680148095	22.0	3.0	7.33333333333	2.0	1.0	0.666666666667	0.333333333333	0.942809041582	0.471404520791	
1	0.0	0.0	4.0	0.207568703079	0.792431296921	10.0	3.0	3.33333333333	0.0	1.0	0.0	0.333333333333	0.0	0.471404520791	
1	0.0	1.0	2.0	0.128554678365	0.871445321635	14.0	1.0	14.0	1.0	0.0	1.0	0.0	0.0	0.0	
1	2.0	1.0	0.0	0.282545179564	0.717454820436	10.0	2.0	5.0	0.0	2.0	0.0	1.0	0.0	0.0	
1	1.0	0.0	1.0	0.438319851905	0.561680148095	6.0	1.0	6.0	2.0	1.0	2.0	1.0	0.0	0.0	
1	0.0	0.0	3.0	0.659801413937	0.340198586063	11.0	1.0	11.0	1.0	0.0	1.0	0.0	0.0	0.0	
1	0.0	1.0	2.0	0.872387947978	0.127612052022	7.0	1.0	7.0	1.0	0.0	1.0	0.0	0.0	0.0	
1	0.0	0.0	1.0	0.438319851905	0.561680148095	1.0	1.0	1.0	0.0	1.0	0.0	1.0	0.0	0.0	
1	0.0	0.0	1.0	0.193829070307	0.806170929693	5.0	1.0	5.0	1.25	1.0	1.25	1.0	0.0	0.0	
1	0.0	1.0	0.0	0.438319851905	0.561680148095	13.0	1.0	13.0	1.0	0.0	1.0	0.0	0.0	0.0	
1	0.0	2.0	3.0	0.774965492896	0.225034507104	6.0	1.0	6.0	1.0	0.0	1.0	0.0	0.0	0.0	
1	0.0	0.0	0.0	0.438319851905	0.561680148095	2.0	1.0	2.0	0.0	1.0	0.0	1.0	0.0	0.0	
1	0.0	1.0	0.0	0.163880007152	0.836119992848	4.0	1.0	4.0	1.0	0.0	1.0	0.0	0.0	0.0	
1	0.0	0.0	2.0	0.207568703079	0.792431296921	9.0	3.0	3.0	0.0	1.0	0.0	0.333333333333	0.0	0.471404520791	
1	1.0	0.0	2.0	0.438319851905	0.561680148095	10.0	2.0	5.0	0.0	1.0	0.0	0.5	0.0	0.5	
1	0.0	0.0	0.0	0.115092891157	0.884907108843	5.0	1.0	5.0	0.0	1.0	0.0	1.0	0.0	0.0	
1	0.0	2.0	1.0	0.115092891157	0.884907108843	8.0	1.0	8.0	1.0	2.0	1.0	2.0	0.0	0.0	
1	1.0	1.0	3.0	0.117748888751	0.882251111249	9.0	1.0	9.0	0.0	1.0	0.0	1.0	0.0	0.0	
1	0.0	0.0	0.0	0.438319851905	0.561680148095	1.0	1.0	1.0	0.0	1.0	0.0	1.0	0.0	0.0	
1	0.0	0.0	1.0	0.438319851905	0.561680148095	2.0	1.0	2.0	0.0	1.0	0.0	1.0	0.0	0.0	
1	0.0	1.0	1.0	0.193829070307	0.806170929693	4.0	1.0	4.0	0.0	1.0	0.0	1.0	0.0	0.0	
1	0.0	0.0	1.0	0.438319851905	0.561680148095	4.0	1.0	4.0	0.0	1.0	0.0	1.0	0.0	0.0	
1	0.0	1.0	0.0	0.188981718847	0.811018281153	6.0	1.0	6.0	0.0	1.0	0.0	1.0	0.0	0.0	
1	0.0	1.0	2.0	0.054820713279	0.945179286721	5.0	1.0	5.0	1.0	1.0	1.0	1.0	0.0	0.0	
1	0.0	0.0	1.0	0.438319851905	0.561680148095	2.0	1.0	2.0	0.0	1.0	0.0	1.0	0.0	0.0	
1	0.0	0.0	1.0	0.438319851905	0.561680148095	3.0	1.0	3.0	0.0	1.0	0.0	1.0	0.0	0.0	
1	1.0	1.0	0.0	0.438319851905	0.561680148095	6.0	1.0	6.0	0.0	1.0	0.0	1.0	0.0	0.0	
1	0.0	0.0	1.0	0.438319851905	0.561680148095	4.0	1.0	4.0	0.0	1.0	0.0	1.0	0.0	0.0	
1	0.0	0.0	2.0	0.207568703079	0.792431296921	6.0	1.0	6.0	0.0	1.0	0.0	1.0	0.0	0.0	
1	0.0	1.0	1.0	0.0943309566486	0.905669043351	4.0	1.0	4.0	0.0	1.0	0.0	1.0	0.0	0.0	
1	2.0	0.0	0.0	0.647657712356	0.352342287644	3.0	1.0	3.0	1.0	0.0	1.0	0.0	0.0	0.0	
1	0.0	1.0	0.0	0.164191890205	0.835808109795	7.0	1.0	7.0	0.0	1.0	0.0	1.0	0.0	0.0	
1	1.0	0.0	1.0	0.438319851905	0.561680148095	7.0	2.0	3.5	0.0	1.0	0.0	0.5	0.0	0.5	
1	0.0	1.0	2.0	0.104378714919	0.895621285081	6.0	2.0	3.0	0.0	1.0	0.0	0.5	0.0	0.5	
1	1.0	0.0	1.0	0.647657712356	0.352342287644	2.0	1.0	2.0	1.0	0.0	1.0	0.0	0.0	0.0	
1	0.0	0.0	0.0	0.188981718847	0.811018281153	3.0	1.0	3.0	0.0	1.0	0.0	1.0	0.0	0.0	
1	0.0	0.0	1.0	0.438319851905	0.561680148095	3.0	1.0	3.0	1.0	1.0	1.0	1.0	0.0	0.0	
1	1.0	2.0	5.0	0.164191890205	0.835808109795	10.0	2.0	5.0	0.0	1.0	0.0	0.5	0.0	0.5	
1	0.0	0.0	1.0	0.192157698386	0.807842301614	3.0	1.0	3.0	0.0	2.0	0.0	2.0	0.0	0.0	
1	1.0	2.0	1.0	0.207568703079	0.792431296921	9.0	2.0	4.5	1.0	0.0	0.5	0.0	0.5	0.0	
1	0.0	0.0	1.0	0.438319851905	0.561680148095	1.0	1.0	1.0	0.0	1.0	0.0	1.0	0.0	0.0	
1	0.0	1.0	2.0	0.706067573214	0.293932426786	5.0	1.0	5.0	1.0	0.0	1.0	0.0	0.0	0.0	
1	0.0	0.0	1.0	0.282545179564	0.717454820436	6.0	2.0	3.0	1.0	0.0	0.5	0.0	0.5	0.0	
1	1.0	1.0	3.0	0.438319851905	0.561680148095	5.0	1.0	5.0	0.0	3.0	0.0	3.0	0.0	0.0	
1	0.0	0.0	1.0	0.438319851905	0.561680148095	3.0	1.0	3.0	0.0	1.0	0.0	1.0	0.0	0.0	
1	1.0	0.0	0.0	0.162926630914	0.837073369086	3.0	1.0	3.0	0.0	0.5	0.0	0.5	0.0	0.0	
1	0.0	2.0	1.0	0.00771324608361	0.992286753916	10.0	2.0	5.0	1.25	0.0	0.625	0.0	0.625	0.0	
1	0.0	0.0	0.0	0.438319851905	0.561680148095	2.0	1.0	2.0	0.0	1.0	0.0	1.0	0.0	0.0	
1	0.0	1.0	0.0	0.665279692578	0.334720307422	5.0	1.0	5.0	0.0	1.0	0.0	1.0	0.0	0.0	
1	0.0	0.0	4.0	0.188981718847	0.811018281153	7.0	1.0	7.0	0.0	1.0	0.0	1.0	0.0	0.0	
1	0.0	0.0	4.0	0.163880007152	0.836119992848	7.0	1.0	7.0	1.0	1.0	1.0	1.0	0.0	0.0	
1	0.0	0.0	1.0	0.438319851905	0.561680148095	1.0	1.0	1.0	0.0	1.0	0.0	1.0	0.0	0.0	
1	0.0	0.0	1.0	0.438319851905	0.561680148095	4.0	1.0	4.0	1.0	0.0	1.0	0.0	0.0	0.0	
1	0.0	0.0	1.0	0.438319851905	0.561680148095	11.0	2.0	5.5	0.0	1.0	0.0	0.5	0.0	0.5	
1	0.0	0.0	1.0	0.438319851905	0.561680148095	4.0	1.0	4.0	0.0	1.0	0.0	1.0	0.0	0.0	
1	0.0	0.0	4.0	0.438319851905	0.561680148095	6.0	1.0	6.0	0.0	1.0	0.0	1.0	0.0	0.0	
1	0.0	0.0	1.0	0.438319851905	0.561680148095	8.0	1.0	8.0	0.0	2.0	0.0	2.0	0.0	0.0	
1	0.0	0.0	0.0	0.438319851905	0.561680148095	2.0	1.0	2.0	0.0	1.0	0.0	1.0	0.0	0.0	
1	0.0	0.0	2.0	0.035829170954	0.964170829046	4.0	1.0	4.0	0.0	1.0	0.0	1.0	0.0	0.0	
1	0.0	0.0	1.0	0.438319851905	0.561680148095	4.0	2.0	2.0	0.0	1.0	0.0	0.5	0.0	0.5	
1	0.0	0.0	2.0	0.938422570995	0.0615774290047	5.0	1.0	5.0	1.0	0.0	1.0	0.0	0.0	0.0	
1	0.0	0.0	0.0	0.438319851905	0.561680148095	3.0	1.0	3.0	0.0	1.0	0.0	1.0	0.0	0.0	
1	0.0	0.0	1.0	0.438319851905	0.561680148095	2.0	1.0	2.0	0.0	1.0	0.0	1.0	0.0	0.0	
1	1.0	0.0	2.0	0.438319851905	0.561680148095	5.0	1.0	5.0	1.0	0.0	1.0	0.0	0.0	0.0	
1	1.0	0.0	0.0	0.162926630914	0.837073369086	2.0	1.0	2.0	0.0	0.5	0.0	0.5	0.0	0.0	
1	0.0	1.0	1.0	0.438319851905	0.561680148095	9.0	1.0	9.0	1.0	0.0	1.0	0.0	0.0	0.0	
1	0.0	0.0	3.0	0.0685631433593	0.931436856641	4.0	1.0	4.0	1.0	0.0	1.0	0.0	0.0	0.0	
1	0.0	0.0	0.0	0.438319851905	0.561680148095	1.0	1.0	1.0	0.0	1.0	0.0	1.0	0.0	0.0	
1	1.0	0.0	0.0	0.165790535881	0.834209464119	7.0	2.0	3.5	1.0	0.0	0.5	0.0	0.5	0.0	
1	1.0	0.0	0.0	0.775824123073	0.224175876927	3.0	1.0	3.0	1.0	0.0	1.0	0.0	0.0	0.0	
1	0.0	0.0	5.0	0.192157698386	0.807842301614	10.0	1.0	10.0	0.0	5.0	0.0	5.0	0.0	0.0	
1	1.0	0.0	0.0	0.438319851905	0.561680148095	7.0	2.0	3.5	0.0	1.0	0.0	0.5	0.0	0.5	
1	0.0	0.0	1.0	0.438319851905	0.561680148095	14.0	1.0	14.0	0.0	1.0	0.0	1.0	0.0	0.0	
1	0.0	1.0	1.0	0.438319851905	0.561680148095	4.0	1.0	4.0	1.0	0.0	1.0	0.0	0.0	0.0	
1	1.0	0.0	1.0	0.438319851905	0.561680148095	10.0	2.0	5.0	0.0	1.0	0.0	0.5	0.0	0.5	
1	0.0	1.0	1.0	0.207568703079	0.792431296921	8.0	2.0	4.0	0.0	1.0	0.0	0.5	0.0	0.5	
1	0.0	0.0	1.0	0.118135530014	0.881864469986	4.0	1.0	4.0	0.0	1.0	0.0	1.0	0.0	0.0	
1	1.0	0.0	2.0	0.17446598583	0.82553401417	6.0	2.0	3.0	0.0	1.0	0.0	0.5	0.0	0.5	
1	1.0	2.0	1.0	0.117748888751	0.882251111249	5.0	2.0	2.5	0.0	2.0	0.0	1.0	0.0	0.0	
1	0.0	1.0	2.0	0.119258110185	0.880741889815	7.0	1.0	7.0	0.0	1.0	0.0	1.0	0.0	0.0	
1	0.0	1.0	4.0	0.049095222823	0.950904777177	13.0	3.0	4.33333333333	2.0	0.0	0.666666666667	0.0	0.471404520791	0.0	
1	0.0	0.0	1.0	0.163880007152	0.836119992848	5.0	1.0	5.0	1.0	0.0	1.0	0.0	0.0	0.0	
1	1.0	1.0	0.0	0.438319851905	0.561680148095	2.0	1.0	2.0	0.0	1.0	0.0	1.0	0.0	0.0	
1	0.0	0.0	1.0	0.438319851905	0.561680148095	3.0	1.0	3.0	0.0	1.0	0.0	1.0	0.0	0.0	
1	0.0	0.0	1.0	0.438319851905	0.561680148095	2.0	1.0	2.0	0.0	1.0	0.0	1.0	0.0	0.0	
1	0.0	0.0	2.0	0.438319851905	0.561680148095	6.0	1.0	6.0	0.0	1.0	0.0	1.0	0.0	0.0	
1	0.0	1.0	2.0	0.115092891157	0.884907108843	7.0	1.0	7.0	0.0	1.0	0.0	1.0	0.0	0.0	
1	0.0	1.0	0.0	0.438319851905	0.561680148095	3.0	1.0	3.0	0.0	1.25	0.0	1.25	0.0	0.0	
1	0.0	1.0	1.0	0.193829070307	0.806170929693	10.0	1.0	10.0	0.0	2.5	0.0	2.5	0.0	0.0	
1	0.0	0.0	1.0	0.438319851905	0.561680148095	2.0	1.0	2.0	1.0	0.0	1.0	0.0	0.0	0.0	
1	0.0	0.0	1.0	0.0348600795421	0.965139920458	8.0	2.0	4.0	0.0	1.0	0.0	0.5	0.0	0.5	
1	0.0	0.0	1.0	0.152669452365	0.847330547635	6.0	1.0	6.0	0.0	2.0	0.0	2.0	0.0	0.0	
1	1.0	0.0	0.0	0.438319851905	0.561680148095	5.0	2.0	2.5	2.0	0.0	1.0	0.0	0.0	0.0	
1	1.0	0.0	0.0	0.305309792635	0.694690207365	5.0	1.0	5.0	0.0	1.0	0.0	1.0	0.0	0.0	
1	1.0	2.0	2.0	0.152669452365	0.847330547635	11.0	2.0	5.5	0.0	3.0	0.0	1.5	0.0	0.5	
1	0.0	1.0	0.0	0.188981718847	0.811018281153	6.0	1.0	6.0	0.0	1.0	0.0	1.0	0.0	0.0	
1	1.0	1.0	3.0	0.0340244172148	0.965975582785	20.0	3.0	6.66666666667	0.0	1.0	0.0	0.333333333333	0.0	0.471404520791	
1	0.0	0.0	1.0	0.438319851905	0.561680148095	4.0	1.0	4.0	1.0	0.0	1.0	0.0	0.0	0.0	
1	0.0	0.0	1.0	0.438319851905	0.561680148095	1.0	1.0	1.0	0.0	1.0	0.0	1.0	0.0	0.0	
1	1.0	0.0	1.0	0.152669452365	0.847330547635	5.0	1.0	5.0	0.0	1.0	0.0	1.0	0.0	0.0	
1	0.0	0.0	1.0	0.438319851905	0.561680148095	4.0	1.0	4.0	0.0	1.0	0.0	1.0	0.0	0.0	
1	0.0	0.0	2.0	0.438319851905	0.561680148095	17.0	2.0	8.5	0.0	1.0	0.0	0.5	0.0	0.5	
1	0.0	1.0	2.0	0.0809689576592	0.919031042341	12.0	1.0	12.0	1.0	0.0	1.0	0.0	0.0	0.0	
1	0.0	0.0	3.0	0.438319851905	0.561680148095	7.0	2.0	3.5	2.0	0.0	1.0	0.0	0.0	0.0	
1	1.0	1.0	1.0	0.258609576284	0.741390423716	9.0	2.0	4.5	0.0	1.0	0.0	0.5	0.0	0.5	
1	0.0	0.0	1.0	0.438319851905	0.561680148095	3.0	1.0	3.0	0.0	1.0	0.0	1.0	0.0	0.0	
1	0.0	0.0	1.0	0.438319851905	0.561680148095	5.0	1.0	5.0	0.0	1.0	0.0	1.0	0.0	0.0	
1	0.0	3.0	1.0	0.258609576284	0.741390423716	12.0	2.0	6.0	0.0	1.0	0.0	0.5	0.0	0.5	
1	2.0	0.0	1.0	0.438319851905	0.561680148095	5.0	1.0	5.0	1.0	1.0	1.0	1.0	0.0	0.0	
1	1.0	1.0	3.0	0.438319851905	0.561680148095	10.0	2.0	5.0	0.0	1.0	0.0	0.5	0.0	0.5	
1	1.0	1.0	0.0	0.207568703079	0.792431296921	4.0	1.0	4.0	0.0	2.0	0.0	2.0	0.0	0.0	
0	1.0	0.0	2.0	0.647657712356	0.352342287644	4.0	1.0	4.0	1.0	0.0	1.0	0.0	0.0	0.0	
0	1.0	0.0	6.0	0.999997194365	2.80563516563e-06	27.0	4.0	6.75	1.0	0.0	0.25	0.0	0.433012701892	0.0	
0	0.0	0.0	0.0	0.438319851905	0.561680148095	4.0	1.0	4.0	1.0	0.0	1.0	0.0	0.0	0.0	
0	0.0	1.0	1.0	0.438319851905	0.561680148095	4.0	1.0	4.0	0.0	1.0	0.0	1.0	0.0	0.0	
0	0.0	0.0	1.0	0.898894662386	0.101105337614	6.0	1.0	6.0	1.0	0.0	1.0	0.0	0.0	0.0	
0	2.0	0.0	0.0	0.647657712356	0.352342287644	5.0	1.0	5.0	2.0	0.0	2.0	0.0	0.0	0.0	
0	0.0	0.0	5.0	0.999968036731	3.19632686339e-05	26.0	4.0	6.5	1.0	0.0	0.25	0.0	0.433012701892	0.0	
0	1.0	0.0	2.0	0.891779950048	0.108220049952	5.0	1.0	5.0	2.0	0.0	2.0	0.0	0.0	0.0	
0	1.0	1.0	1.0	0.148980255813	0.851019744187	8.0	1.0	8.0	1.0	0.0	1.0	0.0	0.0	0.0	
0	2.0	2.0	0.0	0.438319851905	0.561680148095	14.0	2.0	7.0	4.0	0.0	2.0	0.0	0.0	0.0	
0	0.0	0.0	6.0	0.999968036731	3.19632686339e-05	25.0	4.0	6.25	1.0	0.0	0.25	0.0	0.433012701892	0.0	
0	0.0	0.0	5.0	0.999968036731	3.19632686339e-05	24.0	4.0	6.0	1.0	0.0	0.25	0.0	0.433012701892	0.0	
0	0.0	1.0	1.0	0.606193728546	0.393806271454	2.0	1.0	2.0	1.0	0.0	1.0	0.0	0.0	0.0	
0	1.0	0.0	1.0	0.647657712356	0.352342287644	6.0	2.0	3.0	2.0	0.0	1.0	0.0	0.0	0.0	
0	0.0	3.0	0.0	0.714698619909	0.285301380091	11.0	2.0	5.5	1.0	0.0	0.5	0.0	0.5	0.0	
0	0.0	0.0	2.0	0.438319851905	0.561680148095	4.0	2.0	2.0	1.0	0.0	0.5	0.0	0.5	0.0	
0	1.0	1.0	0.0	0.812846963489	0.187153036511	3.0	1.0	3.0	1.5	0.0	1.5	0.0	0.0	0.0	
0	0.0	0.0	1.0	0.438319851905	0.561680148095	5.0	2.0	2.5	1.0	0.0	0.5	0.0	0.5	0.0	
0	1.0	0.0	3.0	0.680006857691	0.319993142309	11.0	2.0	5.5	1.5	0.0	0.75	0.0	0.75	0.0	
0	0.0	0.0	5.0	0.999968036731	3.19632686339e-05	25.0	4.0	6.25	1.0	0.0	0.25	0.0	0.433012701892	0.0	
0	1.0	0.0	0.0	0.647657712356	0.352342287644	2.0	1.0	2.0	1.0	0.0	1.0	0.0	0.0	0.0	
0	1.0	0.0	4.0	0.999943246464	5.67535362193e-05	27.0	4.0	6.75	0.0	1.0	0.0	0.25	0.0	0.433012701892	
0	1.0	0.0	1.0	0.438319851905	0.561680148095	3.0	1.0	3.0	1.0	0.0	1.0	0.0	0.0	0.0	
0	0.0	0.0	5.0	0.999968036731	3.19632686339e-05	27.0	4.0	6.75	1.0	0.0	0.25	0.0	0.433012701892	0.0	
0	0.0	0.0	1.0	0.898894662386	0.101105337614	3.0	1.0	3.0	1.0	0.0	1.0	0.0	0.0	0.0	
0	1.0	1.0	0.0	0.891779950048	0.108220049952	3.0	1.0	3.0	1.0	0.0	1.0	0.0	0.0	0.0	
0	0.0	0.0	1.0	0.880675006879	0.119324993121	2.0	1.0	2.0	1.0	0.0	1.0	0.0	0.0	0.0	
0	1.0	0.0	1.0	0.788481339543	0.211518660457	14.0	3.0	4.66666666667	2.0	0.0	0.666666666667	0.0	0.471404520791	0.0	
0	0.0	0.0	1.0	0.774965492896	0.225034507104	2.0	1.0	2.0	1.0	0.0	1.0	0.0	0.0	0.0	
0	2.0	0.0	0.0	0.647657712356	0.352342287644	2.0	1.0	2.0	2.0	0.0	2.0	0.0	0.0	0.0	
0	0.0	0.0	5.0	0.999999079836	9.2016407279e-07	28.0	4.0	7.0	1.0	0.0	0.25	0.0	0.433012701892	0.0	
0	0.0	0.0	0.0	0.665279692578	0.334720307422	3.0	1.0	3.0	1.0	0.0	1.0	0.0	0.0	0.0	
0	1.0	0.0	0.0	0.775824123073	0.224175876927	5.0	2.0	2.5	1.0	0.0	0.5	0.0	0.5	0.0	
0	2.0	0.0	0.0	0.647657712356	0.352342287644	7.0	2.0	3.5	2.0	0.0	1.0	0.0	1.0	0.0	
0	0.0	0.0	6.0	0.999968036731	3.19632686339e-05	26.0	4.0	6.5	2.0	1.0	0.5	0.25	0.866025403784	0.433012701892	
0	1.0	1.0	0.0	0.706067573214	0.293932426786	7.0	2.0	3.5	1.0	0.0	0.5	0.0	0.5	0.0	
0	1.0	0.0	0.0	0.775824123073	0.224175876927	3.0	1.0	3.0	1.0	0.0	1.0	0.0	0.0	0.0	
0	0.0	0.0	2.0	0.105848104729	0.894151895271	10.0	1.0	10.0	1.0	1.0	1.0	1.0	0.0	0.0	
0	8.0	0.0	0.0	0.647657712356	0.352342287644	16.0	1.0	16.0	8.0	0.0	8.0	0.0	0.0	0.0	
0	0.0	0.0	5.0	0.438319851905	0.561680148095	15.0	1.0	15.0	5.0	0.0	5.0	0.0	0.0	0.0	
0	0.0	0.0	1.0	0.438319851905	0.561680148095	3.0	1.0	3.0	1.0	0.0	1.0	0.0	0.0	0.0	
0	2.0	0.0	0.0	0.647657712356	0.352342287644	6.0	1.0	6.0	2.0	0.0	2.0	0.0	0.0	0.0	
0	0.0	3.0	0.0	0.848584129212	0.151415870788	3.0	1.0	3.0	3.0	0.0	3.0	0.0	0.0	0.0	
0	0.0	0.0	2.0	0.774965492896	0.225034507104	5.0	1.0	5.0	1.0	0.0	1.0	0.0	0.0	0.0	
0	0.0	0.0	5.0	0.999943246464	5.67535362193e-05	27.0	4.0	6.75	1.0	1.0	0.25	0.25	0.433012701892	0.433012701892	
0	0.0	0.0	1.0	0.438319851905	0.561680148095	5.0	2.0	2.5	1.0	0.0	0.5	0.0	0.5	0.0	
0	1.0	0.0	0.0	0.438319851905	0.561680148095	2.0	1.0	2.0	0.0	1.0	0.0	1.0	0.0	0.0	
0	1.0	0.0	0.0	0.438319851905	0.561680148095	5.0	1.0	5.0	0.0	1.0	0.0	1.0	0.0	0.0	
0	0.0	0.0	1.0	0.648368012006	0.351631987994	5.0	2.0	2.5	3.0	0.0	1.5	0.0	0.0	0.0	
0	0.0	1.0	1.0	0.438319851905	0.561680148095	11.0	1.0	11.0	1.0	0.0	1.0	0.0	0.0	0.0	
0	0.0	0.0	1.0	0.438319851905	0.561680148095	1.0	1.0	1.0	1.0	0.0	1.0	0.0	0.0	0.0	
0	0.0	0.0	5.0	0.999968036731	3.19632686339e-05	24.0	4.0	6.0	1.0	0.0	0.25	0.0	0.433012701892	0.0	
0	0.0	0.0	3.0	0.116007300428	0.883992699572	7.0	1.0	7.0	1.0	1.0	1.0	1.0	0.0	0.0	
0	1.0	0.0	1.0	0.647657712356	0.352342287644	3.0	1.0	3.0	2.0	0.0	2.0	0.0	0.0	0.0	
0	0.0	0.0	1.0	0.438319851905	0.561680148095	2.0	1.0	2.0	1.0	0.0	1.0	0.0	0.0	0.0	
0	1.0	0.0	0.0	0.438319851905	0.561680148095	3.0	1.0	3.0	0.0	1.0	0.0	1.0	0.0	0.0	
0	0.0	0.0	1.0	0.774965492896	0.225034507104	4.0	1.0	4.0	1.0	0.0	1.0	0.0	0.0	0.0	
0	2.0	0.0	1.0	0.951004746919	0.0489952530805	9.0	2.0	4.5	2.0	0.0	1.0	0.0	1.0	0.0	
0	1.0	0.0	0.0	0.438319851905	0.561680148095	4.0	2.0	2.0	1.0	0.0	0.5	0.0	0.5	0.0	
0	1.0	0.0	0.0	0.438319851905	0.561680148095	6.0	3.0	2.0	1.0	0.0	0.333333333333	0.0	0.471404520791	0.0	
0	0.0	1.0	1.0	0.473511409062	0.526488590938	7.0	2.0	3.5	3.0	0.0	1.5	0.0	1.5	0.0	
0	0.0	0.0	0.0	0.706067573214	0.293932426786	2.0	1.0	2.0	1.0	0.0	1.0	0.0	0.0	0.0	
0	0.0	0.0	0.0	0.438319851905	0.561680148095	3.0	1.0	3.0	3.0	0.0	3.0	0.0	0.0	0.0	
0	0.0	0.0	1.0	0.438319851905	0.561680148095	4.0	1.0	4.0	1.0	0.0	1.0	0.0	0.0	0.0	
0	0.0	0.0	1.0	0.648368012006	0.351631987994	5.0	1.0	5.0	1.5	1.0	1.5	1.0	0.0	0.0	
0	0.0	0.0	1.0	0.438319851905	0.561680148095	1.0	1.0	1.0	1.0	0.0	1.0	0.0	0.0	0.0	
0	1.0	0.0	0.0	0.647657712356	0.352342287644	2.0	1.0	2.0	1.0	0.0	1.0	0.0	0.0	0.0	
0	1.0	0.0	0.0	0.438319851905	0.561680148095	3.0	1.0	3.0	0.0	1.0	0.0	1.0	0.0	0.0	
0	0.0	0.0	2.0	0.438319851905	0.561680148095	2.0	1.0	2.0	1.0	0.0	1.0	0.0	0.0	0.0	
0	0.0	0.0	2.0	0.774965492896	0.225034507104	11.0	4.0	2.75	2.0	1.0	0.5	0.25	0.5	0.433012701892	
0	1.0	0.0	1.0	0.760764007806	0.239235992194	10.0	2.0	5.0	2.0	0.0	1.0	0.0	0.0	0.0	
0	1.0	0.0	0.0	0.647657712356	0.352342287644	1.0	1.0	1.0	1.0	0.0	1.0	0.0	0.0	0.0	
0	0.0	1.0	1.0	0.774965492896	0.225034507104	6.0	1.0	6.0	1.0	0.0	1.0	0.0	0.0	0.0	
0	1.0	1.0	0.0	0.648368012006	0.351631987994	7.0	2.0	3.5	1.5	1.0	0.75	0.5	0.75	0.5	
0	0.0	1.0	3.0	0.438319851905	0.561680148095	8.0	2.0	4.0	1.0	1.0	0.5	0.5	0.5	0.5	
0	3.0	0.0	0.0	0.438319851905	0.561680148095	6.0	1.0	6.0	0.0	3.0	0.0	3.0	0.0	0.0	
0	0.0	0.0	0.0	0.704090131738	0.295909868262	2.0	1.0	2.0	0.0	1.0	0.0	1.0	0.0	0.0	
0	1.0	0.0	0.0	0.647657712356	0.352342287644	2.0	1.0	2.0	1.0	0.0	1.0	0.0	0.0	0.0	
0	0.0	0.0	0.0	0.438319851905	0.561680148095	1.0	1.0	1.0	1.0	0.0	1.0	0.0	0.0	0.0	
0	1.0	0.0	0.0	0.473511409062	0.526488590938	3.0	1.0	3.0	3.0	0.0	3.0	0.0	0.0	0.0	
0	1.0	0.0	1.0	0.647657712356	0.352342287644	4.0	1.0	4.0	2.0	0.0	2.0	0.0	0.0	0.0	
0	0.0	0.0	0.0	0.438319851905	0.561680148095	6.0	2.0	3.0	1.0	0.0	0.5	0.0	0.5	0.0	
0	0.0	0.0	5.0	0.999997194365	2.80563516563e-06	25.0	4.0	6.25	1.0	0.0	0.25	0.0	0.433012701892	0.0	
0	1.0	0.0	1.0	0.30292122105	0.69707877895	8.0	2.0	4.0	1.0	1.0	0.5	0.5	0.5	0.5	
0	0.0	1.0	1.0	0.438319851905	0.561680148095	3.0	1.0	3.0	0.0	1.0	0.0	1.0	0.0	0.0	
0	0.0	0.0	2.0	0.706067573214	0.293932426786	8.0	2.0	4.0	2.0	0.0	1.0	0.0	0.0	0.0	
0	2.0	0.0	0.0	0.647657712356	0.352342287644	5.0	2.0	2.5	2.0	0.0	1.0	0.0	0.0	0.0	
0	0.0	0.0	1.0	0.438319851905	0.561680148095	3.0	1.0	3.0	1.0	0.0	1.0	0.0	0.0	0.0	
0	0.0	0.0	3.0	0.760764007806	0.239235992194	8.0	2.0	4.0	0.0	1.0	0.0	0.5	0.0	0.5	
0	0.0	0.0	3.0	0.438319851905	0.561680148095	5.0	1.0	5.0	1.0	0.0	1.0	0.0	0.0	0.0	
0	0.0	0.0	1.0	0.438319851905	0.561680148095	3.0	1.0	3.0	1.0	0.0	1.0	0.0	0.0	0.0	
0	0.0	0.0	6.0	0.999968036731	3.19632686339e-05	26.0	4.0	6.5	1.0	0.0	0.25	0.0	0.433012701892	0.0	
0	2.0	0.0	0.0	0.880675006879	0.119324993121	10.0	1.0	10.0	2.0	0.0	2.0	0.0	0.0	0.0	
0	0.0	0.0	5.0	0.999943246464	5.67535362193e-05	27.0	4.0	6.75	1.0	0.0	0.25	0.0	0.433012701892	0.0	
0	0.0	1.0	1.0	0.438319851905	0.561680148095	4.0	1.0	4.0	1.0	0.0	1.0	0.0	0.0	0.0	
0	0.0	0.0	0.0	0.438319851905	0.561680148095	1.0	1.0	1.0	1.0	0.0	1.0	0.0	0.0	0.0	
0	0.0	0.0	2.0	0.438319851905	0.561680148095	11.0	1.0	11.0	0.0	0.0	0.0	0.0	0.0	0.0	
0	0.0	0.0	1.0	0.438319851905	0.561680148095	2.0	1.0	2.0	0.0	1.0	0.0	1.0	0.0	0.0	
0	2.0	1.0	2.0	0.696110077318	0.303889922682	23.0	2.0	11.5	5.0	3.0	2.5	1.5	2.5	1.5	
0	0.0	0.0	1.0	0.171947732091	0.828052267909	6.0	1.0	6.0	1.0	3.0	1.0	3.0	0.0	0.0	
0	1.0	1.0	0.0	0.775824123073	0.224175876927	3.0	1.0	3.0	2.0	0.0	2.0	0.0	0.0	0.0	
0	1.0	0.0	1.0	0.647657712356	0.352342287644	5.0	1.0	5.0	1.0	0.0	1.0	0.0	0.0	0.0	
0	0.0	0.0	3.0	0.438319851905	0.561680148095	6.0	1.0	6.0	0.0	3.0	0.0	3.0	0.0	0.0	
0	1.0	0.0	0.0	0.647657712356	0.352342287644	2.0	1.0	2.0	1.0	0.0	1.0	0.0	0.0	0.0	
0	0.0	2.0	2.0	0.193829070307	0.806170929693	17.0	4.0	4.25	1.25	1.0	0.3125	0.25	0.541265877365	0.433012701892	
0	1.0	0.0	1.0	0.438319851905	0.561680148095	5.0	2.0	2.5	1.0	0.0	0.5	0.0	0.5	0.0	
0	0.0	0.0	1.0	0.988247003655	0.0117529963446	7.0	3.0	2.33333333333	1.0	0.0	0.333333333333	0.0	0.471404520791	0.0	
0	0.0	3.0	3.0	0.606193728546	0.393806271454	8.0	3.0	2.66666666667	3.0	0.0	1.0	0.0	0.0	0.0	
0	0.0	0.0	2.0	0.988247003655	0.0117529963446	16.0	5.0	3.2	2.0	0.0	0.4	0.0	0.489897948557	0.0	
0	1.0	1.0	2.0	0.880675006879	0.119324993121	11.0	3.0	3.66666666667	0.0	1.0	0.0	0.333333333333	0.0	0.471404520791	
0	0.0	1.0	0.0	0.850423460294	0.149576539706	5.0	1.0	5.0	2.0	0.0	2.0	0.0	0.0	0.0	
0	1.0	0.0	0.0	0.891779950048	0.108220049952	2.0	1.0	2.0	1.0	0.0	1.0	0.0	0.0	0.0	
0	0.0	0.0	5.0	0.999943246464	5.67535362193e-05	29.0	4.0	7.25	1.0	0.0	0.25	0.0	0.433012701892	0.0	
0	0.0	0.0	6.0	0.999968036731	3.19632686339e-05	26.0	4.0	6.5	1.0	0.0	0.25	0.0	0.433012701892	0.0	
0	1.0	0.0	0.0	0.945606442561	0.0543935574393	3.0	1.0	3.0	1.0	0.0	1.0	0.0	0.0	0.0	
0	0.0	0.0	2.0	0.898894662386	0.101105337614	6.0	1.0	6.0	1.0	0.0	1.0	0.0	0.0	0.0	
0	3.0	0.0	0.0	0.704090131738	0.295909868262	17.0	6.0	2.83333333333	3.0	0.0	0.5	0.0	0.5	0.0	
0	1.0	1.0	1.0	0.647657712356	0.352342287644	6.0	1.0	6.0	2.0	0.0	2.0	0.0	0.0	0.0	
0	0.0	1.0	2.0	0.438319851905	0.561680148095	8.0	2.0	4.0	1.0	0.0	0.5	0.0	0.5	0.0	
0	0.0	0.0	1.0	0.704090131738	0.295909868262	3.0	1.0	3.0	1.0	0.0	1.0	0.0	0.0	0.0	
0	0.0	0.0	1.0	0.438319851905	0.561680148095	4.0	1.0	4.0	1.0	0.0	1.0	0.0	0.0	0.0	
0	2.0	2.0	2.0	0.679328859681	0.320671140319	24.0	4.0	6.0	6.0	0.0	1.5	0.0	1.5	0.0	
0	1.0	0.0	0.0	0.438319851905	0.561680148095	2.0	1.0	2.0	1.0	0.0	1.0	0.0	0.0	0.0	
0	0.0	1.0	1.0	0.473511409062	0.526488590938	12.0	3.0	4.0	1.0	0.0	0.333333333333	0.0	0.471404520791	0.0	
0	1.0	0.0	0.0	0.438319851905	0.561680148095	4.0	1.0	4.0	0.0	1.0	0.0	1.0	0.0	0.0	
0	0.0	1.0	0.0	0.707067369897	0.292932630103	5.0	1.0	5.0	2.0	0.0	2.0	0.0	0.0	0.0	
0	0.0	0.0	1.0	0.438319851905	0.561680148095	2.0	1.0	2.0	0.0	1.0	0.0	1.0	0.0	0.0	
0	0.0	0.0	6.0	0.99999501824	4.98175952755e-06	29.0	4.0	7.25	1.0	0.0	0.25	0.0	0.433012701892	0.0	
0	1.0	1.0	3.0	0.970353502743	0.029646497257	11.0	4.0	2.75	2.0	0.0	0.5	0.0	0.5	0.0	
0	0.0	0.0	5.0	0.999968036731	3.19632686339e-05	26.0	4.0	6.5	1.0	0.0	0.25	0.0	0.433012701892	0.0	
0	1.0	0.0	0.0	0.438319851905	0.561680148095	2.0	1.0	2.0	0.0	1.0	0.0	1.0	0.0	0.0	
0	0.0	0.0	0.0	0.438319851905	0.561680148095	4.0	1.0	4.0	1.0	0.0	1.0	0.0	0.0	0.0	
0	1.0	0.0	0.0	0.647657712356	0.352342287644	2.0	1.0	2.0	1.0	0.0	1.0	0.0	0.0	0.0	
0	0.0	0.0	0.0	0.880675006879	0.119324993121	2.0	1.0	2.0	1.0	0.0	1.0	0.0	0.0	0.0	
0	0.0	0.0	0.0	0.438319851905	0.561680148095	3.0	1.0	3.0	1.0	0.0	1.0	0.0	0.0	0.0	
0	0.0	1.0	1.0	0.438319851905	0.561680148095	6.0	1.0	6.0	1.0	0.0	1.0	0.0	0.0	0.0	
0	0.0	0.0	1.0	0.438319851905	0.561680148095	4.0	1.0	4.0	1.0	0.0	1.0	0.0	0.0	0.0	
0	0.0	0.0	1.0	0.438319851905	0.561680148095	5.0	1.0	5.0	2.0	0.0	2.0	0.0	0.0	0.0	
0	1.0	0.0	1.0	0.890251012068	0.109748987932	7.0	2.0	3.5	2.0	0.0	1.0	0.0	1.0	0.0	
0	0.0	0.0	1.0	0.438319851905	0.561680148095	2.0	1.0	2.0	1.0	0.0	1.0	0.0	0.0	0.0	
0	1.0	0.0	1.0	0.647657712356	0.352342287644	3.0	1.0	3.0	1.0	0.0	1.0	0.0	0.0	0.0	
0	0.0	0.0	5.0	0.999968036731	3.19632686339e-05	24.0	4.0	6.0	1.0	0.0	0.25	0.0	0.433012701892	0.0	
0	0.0	0.0	5.0	0.999968036731	3.19632686339e-05	25.0	4.0	6.25	1.0	0.0	0.25	0.0	0.433012701892	0.0	
0	0.0	0.0	2.0	0.438319851905	0.561680148095	8.0	3.0	2.66666666667	1.0	0.0	0.333333333333	0.0	0.471404520791	0.0	
0	0.0	0.0	6.0	0.999997194365	2.80563516563e-06	26.0	4.0	6.5	1.0	0.0	0.25	0.0	0.433012701892	0.0	
0	1.0	0.0	0.0	0.775824123073	0.224175876927	4.0	1.0	4.0	1.0	0.0	1.0	0.0	0.0	0.0	
0	0.0	0.0	7.0	0.999968036731	3.19632686339e-05	28.0	4.0	7.0	1.0	0.0	0.25	0.0	0.433012701892	0.0	
0	1.0	0.0	0.0	0.647657712356	0.352342287644	3.0	2.0	1.5	1.0	0.0	0.5	0.0	0.5	0.0	
0	0.0	0.0	1.0	0.774965492896	0.225034507104	2.0	1.0	2.0	1.0	0.0	1.0	0.0	0.0	0.0	
0	1.0	0.0	0.0	0.647657712356	0.352342287644	5.0	2.0	2.5	1.0	0.0	0.5	0.0	0.5	0.0	
0	0.0	0.0	1.0	0.706067573214	0.293932426786	4.0	2.0	2.0	1.0	0.0	0.5	0.0	0.5	0.0	
0	0.0	0.0	6.0	0.999968036731	3.19632686339e-05	25.0	4.0	6.25	1.0	0.0	0.25	0.0	0.433012701892	0.0	
0	0.0	0.0	5.0	0.999968036731	3.19632686339e-05	26.0	4.0	6.5	1.0	1.0	0.25	0.25	0.433012701892	0.433012701892	
0	1.0	0.0	0.0	0.775824123073	0.224175876927	3.0	1.0	3.0	1.0	0.0	1.0	0.0	0.0	0.0	
0	1.0	0.0	7.0	0.999936519398	6.34806021149e-05	28.0	4.0	7.0	3.0	1.0	0.75	0.25	1.29903810568	0.433012701892	
0	1.0	0.0	0.0	0.438319851905	0.561680148095	3.0	1.0	3.0	1.0	0.0	1.0	0.0	0.0	0.0	
0	1.0	0.0	0.0	0.438319851905	0.561680148095	5.0	2.0	2.5	1.0	0.0	0.5	0.0	0.5	0.0	
0	1.0	0.0	1.0	0.84859123198	0.15140876802	4.0	1.0	4.0	2.0	0.0	2.0	0.0	0.0	0.0	
0	1.0	0.0	0.0	0.775824123073	0.224175876927	2.0	1.0	2.0	1.0	1.0	1.0	1.0	0.0	0.0	
0	1.0	2.0	1.0	0.451812303244	0.548187696756	7.0	2.0	3.5	1.5	0.0	0.75	0.0	0.75	0.0	
0	0.0	0.0	1.0	0.438319851905	0.561680148095	4.0	1.0	4.0	1.0	0.0	1.0	0.0	0.0	0.0	
0	0.0	0.0	5.0	0.999968036731	3.19632686339e-05	25.0	4.0	6.25	1.0	0.0	0.25	0.0	0.433012701892	0.0	
0	1.0	2.0	2.0	0.606193728546	0.393806271454	8.0	2.0	4.0	1.0	0.0	0.5	0.0	0.5	0.0	
0	1.0	0.0	0.0	0.760764007806	0.239235992194	4.0	1.0	4.0	1.0	0.0	1.0	0.0	0.0	0.0	
0	0.0	0.0	0.0	0.438319851905	0.561680148095	2.0	1.0	2.0	1.0	0.0	1.0	0.0	0.0	0.0	
0	1.0	0.0	3.0	0.587972071127	0.412027928873	7.0	2.0	3.5	2.0	1.0	1.0	0.5	1.0	0.5	
0	1.0	0.0	0.0	0.438319851905	0.561680148095	3.0	1.0	3.0	0.0	1.0	0.0	1.0	0.0	0.0	
0	1.0	0.0	1.0	0.704090131738	0.295909868262	3.0	1.0	3.0	1.0	0.0	1.0	0.0	0.0	0.0	
0	0.0	0.0	1.0	0.438319851905	0.561680148095	3.0	1.0	3.0	1.0	0.0	1.0	0.0	0.0	0.0	
0	0.0	0.0	0.0	0.438319851905	0.561680148095	2.0	1.0	2.0	1.0	0.0	1.0	0.0	0.0	0.0	
0	0.0	0.0	5.0	0.999968036731	3.19632686339e-05	26.0	4.0	6.5	1.0	0.0	0.25	0.0	0.433012701892	0.0	
0	1.0	0.0	0.0	0.438319851905	0.561680148095	9.0	2.0	4.5	0.0	1.0	0.0	0.5	0.0	0.5	
0	1.0	1.0	0.0	0.648368012006	0.351631987994	11.0	3.0	3.66666666667	0.0	1.5	0.0	0.5	0.0	0.707106781187	
0	0.0	0.0	6.0	0.999992155951	7.84404879536e-06	28.0	4.0	7.0	1.0	0.0	0.25	0.0	0.433012701892	0.0	
0	0.0	0.0	0.0	0.438319851905	0.561680148095	2.0	1.0	2.0	2.0	0.0	2.0	0.0	0.0	0.0	
0	1.0	0.0	1.0	0.647657712356	0.352342287644	3.0	1.0	3.0	2.0	0.0	2.0	0.0	0.0	0.0	
0	1.0	1.0	2.0	0.206809120112	0.793190879888	11.0	2.0	5.5	0.0	1.0	0.0	0.5	0.0	0.5	
0	1.0	1.0	2.0	0.438319851905	0.561680148095	16.0	1.0	16.0	1.875	0.0	1.875	0.0	0.0	0.0	
0	1.0	0.0	0.0	0.438319851905	0.561680148095	4.0	1.0	4.0	1.0	0.0	1.0	0.0	0.0	0.0	
0	1.0	0.0	1.0	0.438319851905	0.561680148095	3.0	1.0	3.0	1.0	0.0	1.0	0.0	0.0	0.0	
0	1.0	0.0	2.0	0.17446598583	0.82553401417	5.0	1.0	5.0	1.0	0.0	1.0	0.0	0.0	0.0	
0	2.0	0.0	0.0	0.438319851905	0.561680148095	4.0	1.0	4.0	2.0	0.0	2.0	0.0	0.0	0.0	
0	1.0	1.0	0.0	0.958623390739	0.041376609261	4.0	1.0	4.0	2.0	0.0	2.0	0.0	0.0	0.0	
0	0.0	1.0	1.0	0.706067573214	0.293932426786	4.0	2.0	2.0	1.0	0.0	0.5	0.0	0.5	0.0	
0	0.0	0.0	6.0	0.999968036731	3.19632686339e-05	25.0	4.0	6.25	1.0	0.0	0.25	0.0	0.433012701892	0.0	
0	1.0	0.0	0.0	0.647657712356	0.352342287644	2.0	1.0	2.0	1.0	0.0	1.0	0.0	0.0	0.0	
0	1.0	1.0	0.0	0.891779950048	0.108220049952	4.0	1.0	4.0	1.0	0.0	1.0	0.0	0.0	0.0	
0	0.0	0.0	1.0	0.438319851905	0.561680148095	2.0	1.0	2.0	0.0	1.0	0.0	1.0	0.0	0.0	
0	0.0	1.0	0.0	0.706067573214	0.293932426786	5.0	1.0	5.0	1.0	0.0	1.0	0.0	0.0	0.0	
0	1.0	2.0	0.0	0.355079959496	0.644920040504	12.0	2.0	6.0	0.0	1.5	0.0	0.75	0.0	0.75	
0	0.0	1.0	0.0	0.438319851905	0.561680148095	4.0	1.0	4.0	2.0	0.0	2.0	0.0	0.0	0.0	
0	1.0	0.0	0.0	0.647657712356	0.352342287644	4.0	1.0	4.0	1.0	0.0	1.0	0.0	0.0	0.0	
0	2.0	1.0	0.0	0.99123076948	0.0087692305204	6.0	2.0	3.0	3.0	0.0	1.5	0.0	0.5	0.0	
0	4.0	0.0	0.0	0.473511409062	0.526488590938	17.0	4.0	4.25	22.0	0.0	5.5	0.0	2.95803989155	0.0	
0	0.0	0.0	2.0	0.30292122105	0.69707877895	6.0	1.0	6.0	1.0	0.0	1.0	0.0	0.0	0.0	
0	1.0	0.0	0.0	0.438319851905	0.561680148095	15.0	1.0	15.0	1.0	0.0	1.0	0.0	0.0	0.0	
0	0.0	0.0	1.0	0.438319851905	0.561680148095	4.0	1.0	4.0	1.0	0.0	1.0	0.0	0.0	0.0	
0	0.0	0.0	0.0	0.665279692578	0.334720307422	7.0	2.0	3.5	2.0	0.0	1.0	0.0	0.0	0.0	
0	0.0	0.0	0.0	0.438319851905	0.561680148095	7.0	2.0	3.5	1.0	0.0	0.5	0.0	0.5	0.0	
0	0.0	0.0	7.0	0.999943246464	5.67535362193e-05	32.0	4.0	8.0	2.0	0.0	0.5	0.0	0.866025403784	0.0	
0	0.0	0.0	1.0	0.438319851905	0.561680148095	2.0	1.0	2.0	1.0	0.0	1.0	0.0	0.0	0.0	
0	0.0	1.0	0.0	0.438319851905	0.561680148095	3.0	1.0	3.0	1.25	0.0	1.25	0.0	0.0	0.0	
0	0.0	0.0	5.0	0.999968036731	3.19632686339e-05	24.0	4.0	6.0	1.0	0.0	0.25	0.0	0.433012701892	0.0	
0	0.0	1.0	1.0	0.117748888751	0.882251111249	5.0	1.0	5.0	0.0	1.0	0.0	1.0	0.0	0.0	
0	0.0	1.0	1.0	0.848584129212	0.151415870788	4.0	1.0	4.0	1.0	0.0	1.0	0.0	0.0	0.0	
0	0.0	1.0	1.0	0.706067573214	0.293932426786	9.0	3.0	3.0	1.0	0.0	0.333333333333	0.0	0.471404520791	0.0	
0	1.0	0.0	0.0	0.438319851905	0.561680148095	3.0	1.0	3.0	0.0	1.0	0.0	1.0	0.0	0.0	
0	0.0	0.0	0.0	0.438319851905	0.561680148095	1.0	1.0	1.0	1.0	0.0	1.0	0.0	0.0	0.0	
0	1.0	0.0	1.0	0.647657712356	0.352342287644	3.0	1.0	3.0	2.0	0.0	2.0	0.0	0.0	0.0	
0	2.0	2.0	0.0	0.775824123073	0.224175876927	8.0	2.0	4.0	1.25	0.0	0.625	0.0	0.625	0.0	
0	0.0	2.0	2.0	0.774965492896	0.225034507104	7.0	1.0	7.0	2.0	1.0	2.0	1.0	0.0	0.0	
0	0.0	0.0	0.0	0.438319851905	0.561680148095	2.0	1.0	2.0	1.0	0.0	1.0	0.0	0.0	0.0	
0	0.0	1.0	0.0	0.707067369897	0.292932630103	2.0	1.0	2.0	2.0	0.0	2.0	0.0	0.0	0.0	
0	0.0	0.0	1.0	0.438319851905	0.561680148095	3.0	1.0	3.0	1.0	0.0	1.0	0.0	0.0	0.0	
0	0.0	0.0	2.0	0.438319851905	0.561680148095	4.0	1.0	4.0	2.0	0.0	2.0	0.0	0.0	0.0	
0	1.0	0.0	0.0	0.438319851905	0.561680148095	3.0	1.0	3.0	1.0	0.0	1.0	0.0	0.0	0.0	
0	1.0	0.0	0.0	0.891779950048	0.108220049952	3.0	1.0	3.0	1.0	0.0	1.0	0.0	0.0	0.0	
0	1.0	0.0	1.0	0.438319851905	0.561680148095	3.0	1.0	3.0	1.0	1.0	1.0	1.0	0.0	0.0	
0	0.0	0.0	6.0	0.999968036731	3.19632686339e-05	25.0	4.0	6.25	1.0	0.0	0.25	0.0	0.433012701892	0.0	
0	1.0	0.0	1.0	0.774965492896	0.225034507104	4.0	1.0	4.0	1.0	0.0	1.0	0.0	0.0	0.0	
0	0.0	0.0	5.0	0.999968036731	3.19632686339e-05	25.0	4.0	6.25	1.0	0.0	0.25	0.0	0.433012701892	0.0	
0	1.0	0.0	0.0	0.775824123073	0.224175876927	8.0	2.0	4.0	1.0	0.0	0.5	0.0	0.5	0.0	
0	0.0	1.0	2.0	0.438319851905	0.561680148095	6.0	1.0	6.0	1.0	2.0	1.0	2.0	0.0	0.0	
0	0.0	0.0	7.0	0.999943246464	5.67535362193e-05	27.0	4.0	6.75	1.0	0.0	0.25	0.0	0.433012701892	0.0	
0	0.0	0.0	1.0	0.774965492896	0.225034507104	6.0	2.0	3.0	1.0	0.0	0.5	0.0	0.5	0.0	
0	0.0	0.0	1.0	0.438319851905	0.561680148095	2.0	1.0	2.0	1.0	0.0	1.0	0.0	0.0	0.0	
0	1.0	0.0	1.0	0.438319851905	0.561680148095	4.0	2.0	2.0	1.0	0.0	0.5	0.0	0.5	0.0	
0	0.0	0.0	0.0	0.438319851905	0.561680148095	2.0	1.0	2.0	1.0	0.0	1.0	0.0	0.0	0.0	
0	0.0	1.0	0.0	0.704090131738	0.295909868262	6.0	2.0	3.0	1.0	0.0	0.5	0.0	0.5	0.0	
0	0.0	0.0	4.0	0.438319851905	0.561680148095	6.0	1.0	6.0	1.0	0.0	1.0	0.0	0.0	0.0	
0	1.0	0.0	0.0	0.665279692578	0.334720307422	4.0	1.0	4.0	1.0	1.0	1.0	1.0	0.0	0.0	
0	0.0	0.0	5.0	0.999943246464	5.67535362193e-05	26.0	4.0	6.5	1.0	0.0	0.25	0.0	0.433012701892	0.0	
0	0.0	0.0	2.0	0.438319851905	0.561680148095	8.0	4.0	2.0	2.0	0.0	0.5	0.0	0.5	0.0	
0	0.0	0.0	1.0	0.438319851905	0.561680148095	3.0	1.0	3.0	1.0	1.0	1.0	1.0	0.0	0.0	
0	1.0	0.0	1.0	0.647657712356	0.352342287644	3.0	1.0	3.0	2.0	0.0	2.0	0.0	0.0	0.0	
0	0.0	0.0	1.0	0.438319851905	0.561680148095	2.0	1.0	2.0	1.0	0.0	1.0	0.0	0.0	0.0	
0	1.0	0.0	1.0	0.945606442561	0.0543935574393	4.0	1.0	4.0	1.0	0.0	1.0	0.0	0.0	0.0	
0	2.0	1.0	0.0	0.961723390423	0.0382766095769	5.0	1.0	5.0	1.0	1.0	1.0	1.0	0.0	0.0	
0	0.0	0.0	5.0	0.999968036731	3.19632686339e-05	24.0	4.0	6.0	1.0	0.0	0.25	0.0	0.433012701892	0.0	
0	0.0	0.0	1.0	0.438319851905	0.561680148095	3.0	1.0	3.0	1.0	0.0	1.0	0.0	0.0	0.0	
0	0.0	3.0	1.0	0.117748888751	0.882251111249	18.0	3.0	6.0	2.0	0.0	0.666666666667	0.0	0.471404520791	0.0	
0	1.0	1.0	1.0	0.438319851905	0.561680148095	8.0	1.0	8.0	1.0	0.0	1.0	0.0	0.0	0.0	
0	1.0	0.0	1.0	0.647657712356	0.352342287644	2.0	1.0	2.0	1.0	0.0	1.0	0.0	0.0	0.0	
0	1.0	1.0	0.0	0.648368012006	0.351631987994	4.0	1.0	4.0	1.5	0.0	1.5	0.0	0.0	0.0	
0	1.0	1.0	1.0	0.438319851905	0.561680148095	3.0	1.0	3.0	1.0	0.0	1.0	0.0	0.0	0.0	
0	0.0	0.0	0.0	0.438319851905	0.561680148095	4.0	2.0	2.0	1.0	0.0	0.5	0.0	0.5	0.0	
0	1.0	1.0	0.0	0.775824123073	0.224175876927	4.0	1.0	4.0	1.0	0.0	1.0	0.0	0.0	0.0	
0	2.0	0.0	2.0	0.647657712356	0.352342287644	5.0	2.0	2.5	2.0	0.0	1.0	0.0	1.0	0.0	
0	1.0	0.0	0.0	0.647657712356	0.352342287644	4.0	1.0	4.0	1.0	0.0	1.0	0.0	0.0	0.0	
0	0.0	0.0	5.0	0.999968036731	3.19632686339e-05	27.0	4.0	6.75	1.0	0.0	0.25	0.0	0.433012701892	0.0	
0	0.0	0.0	0.0	0.438319851905	0.561680148095	1.0	1.0	1.0	1.0	0.0	1.0	0.0	0.0	0.0	
0	1.0	1.0	1.0	0.812846963489	0.187153036511	4.0	1.0	4.0	1.5	0.0	1.5	0.0	0.0	0.0	
0	1.0	0.0	0.0	0.438319851905	0.561680148095	2.0	1.0	2.0	0.0	1.0	0.0	1.0	0.0	0.0	
0	0.0	1.0	1.0	0.438319851905	0.561680148095	3.0	1.0	3.0	1.0	0.0	1.0	0.0	0.0	0.0	
0	0.0	1.0	1.0	0.707067369897	0.292932630103	4.0	2.0	2.0	2.0	0.0	1.0	0.0	1.0	0.0	
0	1.0	0.0	0.0	0.647657712356	0.352342287644	4.0	1.0	4.0	1.0	0.0	1.0	0.0	0.0	0.0	
0	0.0	1.0	2.0	0.898894662386	0.101105337614	9.0	2.0	4.5	2.0	0.0	1.0	0.0	0.0	0.0	
0	0.0	0.0	1.0	0.438319851905	0.561680148095	1.0	1.0	1.0	1.0	0.0	1.0	0.0	0.0	0.0	
0	1.0	0.0	6.0	0.999943246464	5.67535362193e-05	28.0	4.0	7.0	1.0	0.0	0.25	0.0	0.433012701892	0.0	
0	0.0	0.0	1.0	0.760764007806	0.239235992194	2.0	1.0	2.0	0.0	1.0	0.0	1.0	0.0	0.0	
0	1.0	0.0	1.0	0.438319851905	0.561680148095	2.0	1.0	2.0	1.0	0.0	1.0	0.0	0.0	0.0	
0	1.0	0.0	0.0	0.891779950048	0.108220049952	2.0	1.0	2.0	1.0	1.0	1.0	1.0	0.0	0.0	
0	0.0	0.0	5.0	0.999997194365	2.80563516563e-06	26.0	4.0	6.5	1.0	0.0	0.25	0.0	0.433012701892	0.0	
0	1.0	1.0	0.0	0.438319851905	0.561680148095	5.0	1.0	5.0	1.0	0.0	1.0	0.0	0.0	0.0	
0	0.0	0.0	2.0	0.438319851905	0.561680148095	3.0	1.0	3.0	0.0	1.0	0.0	1.0	0.0	0.0	
0	1.0	0.0	0.0	0.822721730578	0.177278269422	5.0	1.0	5.0	1.0	0.0	1.0	0.0	0.0	0.0	
0	0.0	0.0	1.0	0.438319851905	0.561680148095	5.0	1.0	5.0	1.0	0.0	1.0	0.0	0.0	0.0	
0	0.0	0.0	1.0	0.704090131738	0.295909868262	4.0	2.0	2.0	1.0	0.0	0.5	0.0	0.5	0.0	
0	1.0	0.0	0.0	0.438319851905	0.561680148095	5.0	2.0	2.5	1.0	0.0	0.5	0.0	0.5	0.0	
0	0.0	0.0	1.0	0.774965492896	0.225034507104	3.0	1.0	3.0	1.0	0.0	1.0	0.0	0.0	0.0	
0	0.0	1.0	1.0	0.438319851905	0.561680148095	3.0	1.0	3.0	1.0	0.0	1.0	0.0	0.0	0.0	
0	0.0	0.0	1.0	0.774965492896	0.225034507104	2.0	1.0	2.0	1.0	0.0	1.0	0.0	0.0	0.0	
0	0.0	0.0	5.0	0.999968036731	3.19632686339e-05	25.0	4.0	6.25	1.0	0.0	0.25	0.0	0.433012701892	0.0	
0	0.0	0.0	2.0	0.438319851905	0.561680148095	2.0	1.0	2.0	0.0	1.0	0.0	1.0	0.0	0.0	
0	1.0	0.0	0.0	0.647657712356	0.352342287644	2.0	1.0	2.0	1.0	0.0	1.0	0.0	0.0	0.0	
0	0.0	0.0	5.0	0.999968036731	3.19632686339e-05	26.0	4.0	6.5	1.0	0.0	0.25	0.0	0.433012701892	0.0	
0	2.0	0.0	0.0	0.994582115048	0.00541788495215	3.0	1.0	3.0	2.0	0.0	2.0	0.0	0.0	0.0	
0	0.0	0.0	1.0	0.438319851905	0.561680148095	4.0	2.0	2.0	1.0	0.0	0.5	0.0	0.5	0.0	
0	1.0	0.0	1.0	0.647657712356	0.352342287644	4.0	1.0	4.0	1.0	0.0	1.0	0.0	0.0	0.0	
0	0.0	3.0	5.0	0.0101519468382	0.989848053162	17.0	3.0	5.66666666667	0.625	0.0	0.208333333333	0.0	0.294627825494	0.0	
0	0.0	0.0	6.0	0.999968036731	3.19632686339e-05	26.0	4.0	6.5	1.0	0.0	0.25	0.0	0.433012701892	0.0	
0	0.0	0.0	0.0	0.704090131738	0.295909868262	4.0	2.0	2.0	1.0	0.0	0.5	0.0	0.5	0.0	
0	0.0	0.0	1.0	0.438319851905	0.561680148095	3.0	1.0	3.0	1.0	0.0	1.0	0.0	0.0	0.0	
0	0.0	0.0	1.0	0.438319851905	0.561680148095	2.0	1.0	2.0	0.0	1.0	0.0	1.0	0.0	0.0	
0	0.0	0.0	1.0	0.438319851905	0.561680148095	2.0	1.0	2.0	1.0	0.0	1.0	0.0	0.0	0.0	
0	1.0	0.0	6.0	0.999997194365	2.80563516563e-06	27.0	4.0	6.75	1.0	1.0	0.25	0.25	0.433012701892	0.433012701892	
0	1.0	1.0	3.0	0.438319851905	0.561680148095	20.0	2.0	10.0	1.875	0.0	0.9375	0.0	0.9375	0.0	
0	0.0	1.0	1.0	0.848584129212	0.151415870788	2.0	1.0	2.0	1.0	0.0	1.0	0.0	0.0	0.0	
0	1.0	0.0	0.0	0.438319851905	0.561680148095	3.0	1.0	3.0	1.0	0.0	1.0	0.0	0.0	0.0	
0	0.0	0.0	6.0	0.999943246464	5.67535362193e-05	28.0	4.0	7.0	1.0	0.0	0.25	0.0	0.433012701892	0.0	
0	0.0	1.0	1.0	0.647657712356	0.352342287644	3.0	1.0	3.0	1.0	0.0	1.0	0.0	0.0	0.0	
0	0.0	0.0	6.0	0.999968036731	3.19632686339e-05	25.0	4.0	6.25	2.0	0.0	0.5	0.0	0.866025403784	0.0	
0	1.0	0.0	0.0	0.760764007806	0.239235992194	4.0	1.0	4.0	1.0	0.0	1.0	0.0	0.0	0.0	
0	0.0	0.0	0.0	0.336214652223	0.663785347777	9.0	2.0	4.5	7.0	0.0	3.5	0.0	3.5	0.0	
0	0.0	0.0	1.0	0.438319851905	0.561680148095	2.0	1.0	2.0	1.0	0.0	1.0	0.0	0.0	0.0	
0	0.0	0.0	1.0	0.305309792635	0.694690207365	3.0	1.0	3.0	0.0	1.0	0.0	1.0	0.0	0.0	
0	0.0	0.0	0.0	0.438319851905	0.561680148095	6.0	1.0	6.0	1.0	0.0	1.0	0.0	0.0	0.0	
0	0.0	0.0	5.0	0.999968036731	3.19632686339e-05	25.0	4.0	6.25	1.0	0.0	0.25	0.0	0.433012701892	0.0	
0	0.0	0.0	5.0	0.999968036731	3.19632686339e-05	25.0	4.0	6.25	1.0	0.0	0.25	0.0	0.433012701892	0.0	
0	1.0	0.0	1.0	0.438319851905	0.561680148095	4.0	1.0	4.0	1.0	0.0	1.0	0.0	0.0	0.0	
0	1.0	0.0	0.0	0.775824123073	0.224175876927	4.0	1.0	4.0	1.0	0.0	1.0	0.0	0.0	0.0	
0	0.0	0.0	3.0	0.704090131738	0.295909868262	11.0	3.0	3.66666666667	1.0	0.0	0.333333333333	0.0	0.471404520791	0.0	
0	0.0	0.0	0.0	0.438319851905	0.561680148095	6.0	2.0	3.0	1.0	0.0	0.5	0.0	0.5	0.0	
0	1.0	0.0	0.0	0.775824123073	0.224175876927	3.0	1.0	3.0	1.0	0.0	1.0	0.0	0.0	0.0	
0	0.0	0.0	5.0	0.999997194365	2.80563516563e-06	27.0	4.0	6.75	1.0	0.0	0.25	0.0	0.433012701892	0.0	
0	0.0	0.0	1.0	0.438319851905	0.561680148095	4.0	1.0	4.0	1.0	0.0	1.0	0.0	0.0	0.0	
0	0.0	0.0	5.0	0.999968036731	3.19632686339e-05	25.0	4.0	6.25	1.0	0.0	0.25	0.0	0.433012701892	0.0	
0	1.0	1.0	2.0	0.17446598583	0.82553401417	5.0	1.0	5.0	0.0	1.0	0.0	1.0	0.0	0.0	
0	0.0	1.0	5.0	0.999968036731	3.19632686339e-05	25.0	4.0	6.25	1.0	0.0	0.25	0.0	0.433012701892	0.0	
0	2.0	0.0	0.0	0.647657712356	0.352342287644	7.0	2.0	3.5	2.0	0.0	1.0	0.0	1.0	0.0	
0	0.0	0.0	1.0	0.774965492896	0.225034507104	3.0	1.0	3.0	1.0	0.0	1.0	0.0	0.0	0.0	
0	0.0	1.0	0.0	0.848584129212	0.151415870788	4.0	1.0	4.0	1.0	1.0	1.0	1.0	0.0	0.0	
0	1.0	1.0	0.0	0.891779950048	0.108220049952	3.0	1.0	3.0	1.0	0.0	1.0	0.0	0.0	0.0	
0	2.0	0.0	2.0	0.774965492896	0.225034507104	8.0	1.0	8.0	2.0	0.0	2.0	0.0	0.0	0.0	
0	1.0	1.0	0.0	0.707067369897	0.292932630103	2.0	1.0	2.0	1.0	1.0	1.0	1.0	0.0	0.0	
0	1.0	0.0	1.0	0.438319851905	0.561680148095	4.0	1.0	4.0	1.0	0.0	1.0	0.0	0.0	0.0	
0	1.0	1.0	0.0	0.258609576284	0.741390423716	5.0	1.0	5.0	0.0	1.0	0.0	1.0	0.0	0.0	
0	0.0	0.0	1.0	0.438319851905	0.561680148095	2.0	1.0	2.0	1.0	0.0	1.0	0.0	0.0	0.0	
0	0.0	0.0	5.0	0.999968036731	3.19632686339e-05	25.0	4.0	6.25	1.0	0.0	0.25	0.0	0.433012701892	0.0	
0	0.0	0.0	7.0	0.999997194365	2.80563516563e-06	28.0	4.0	7.0	2.0	0.0	0.5	0.0	0.866025403784	0.0	
0	0.0	0.0	3.0	0.774965492896	0.225034507104	6.0	2.0	3.0	1.0	0.0	0.5	0.0	0.5	0.0	
0	0.0	2.0	1.0	0.426498391726	0.573501608274	5.0	1.0	5.0	1.25	0.0	1.25	0.0	0.0	0.0	
0	2.0	2.0	0.0	0.891779950048	0.108220049952	10.0	3.0	3.33333333333	2.0	0.0	0.666666666667	0.0	0.471404520791	0.0	
0	0.0	1.0	2.0	0.970211343651	0.0297886563495	5.0	1.0	5.0	1.0	0.0	1.0	0.0	0.0	0.0	
0	0.0	0.0	1.0	0.282081064261	0.717918935739	4.0	1.0	4.0	1.0	0.0	1.0	0.0	0.0	0.0	
0	0.0	0.0	0.0	0.438319851905	0.561680148095	2.0	1.0	2.0	1.0	0.0	1.0	0.0	0.0	0.0	
0	0.0	0.0	1.0	0.438319851905	0.561680148095	4.0	1.0	4.0	1.0	0.0	1.0	0.0	0.0	0.0	
0	2.0	0.0	1.0	0.473511409062	0.526488590938	11.0	2.0	5.5	4.0	0.0	2.0	0.0	1.0	0.0	
0	1.0	0.0	0.0	0.473511409062	0.526488590938	4.0	1.0	4.0	5.0	0.0	5.0	0.0	0.0	0.0	
0	1.0	0.0	0.0	0.438319851905	0.561680148095	3.0	1.0	3.0	0.0	1.0	0.0	1.0	0.0	0.0	
0	0.0	0.0	1.0	0.438319851905	0.561680148095	3.0	1.0	3.0	0.0	1.0	0.0	1.0	0.0	0.0	
0	1.0	0.0	0.0	0.438319851905	0.561680148095	3.0	1.0	3.0	0.0	1.0	0.0	1.0	0.0	0.0	
0	1.0	1.0	0.0	0.438319851905	0.561680148095	5.0	1.0	5.0	1.0	0.0	1.0	0.0	0.0	0.0	
0	0.0	1.0	1.0	0.606193728546	0.393806271454	4.0	1.0	4.0	1.0	0.0	1.0	0.0	0.0	0.0	
0	0.0	0.0	5.0	0.999997194365	2.80563516563e-06	26.0	4.0	6.5	1.0	0.0	0.25	0.0	0.433012701892	0.0	
0	0.0	1.0	2.0	0.438319851905	0.561680148095	6.0	1.0	6.0	1.5625	0.0	1.5625	0.0	0.0	0.0	
0	0.0	0.0	1.0	0.314552737653	0.685447262347	7.0	1.0	7.0	1.0	1.0	1.0	1.0	0.0	0.0	
0	1.0	0.0	0.0	0.438319851905	0.561680148095	3.0	2.0	1.5	0.0	1.0	0.0	0.5	0.0	0.5	
0	1.0	1.0	1.0	0.438319851905	0.561680148095	2.0	1.0	2.0	1.0	0.0	1.0	0.0	0.0	0.0	
0	0.0	1.0	0.0	0.438319851905	0.561680148095	4.0	1.0	4.0	0.0	1.0	0.0	1.0	0.0	0.0	
0	0.0	0.0	2.0	0.898894662386	0.101105337614	7.0	2.0	3.5	1.0	0.0	0.5	0.0	0.5	0.0	
0	0.0	0.0	5.0	0.999968036731	3.19632686339e-05	25.0	4.0	6.25	1.0	0.0	0.25	0.0	0.433012701892	0.0	
0	2.0	0.0	0.0	0.647657712356	0.352342287644	7.0	2.0	3.5	1.0	0.0	0.5	0.0	0.5	0.0	
0	0.0	1.0	1.0	0.438319851905	0.561680148095	5.0	2.0	2.5	2.0	0.0	1.0	0.0	1.0	0.0	
0	0.0	0.0	0.0	0.438319851905	0.561680148095	8.0	1.0	8.0	4.0	0.0	4.0	0.0	0.0	0.0	
0	0.0	0.0	5.0	0.999968036731	3.19632686339e-05	24.0	4.0	6.0	1.0	0.0	0.25	0.0	0.433012701892	0.0	
0	3.0	2.0	5.0	0.956689948147	0.0433100518533	22.0	6.0	3.66666666667	5.5	0.0	0.916666666667	0.0	0.837489635093	0.0	
0	1.0	1.0	0.0	0.438319851905	0.561680148095	5.0	1.0	5.0	0.0	2.0	0.0	2.0	0.0	0.0	
0	1.0	0.0	0.0	0.891779950048	0.108220049952	4.0	1.0	4.0	1.0	0.0	1.0	0.0	0.0	0.0	
0	0.0	0.0	1.0	0.704090131738	0.295909868262	2.0	1.0	2.0	1.0	0.0	1.0	0.0	0.0	0.0	
0	0.0	1.0	4.0	0.438319851905	0.561680148095	8.0	1.0	8.0	1.0	0.0	1.0	0.0	0.0	0.0	
0	1.0	0.0	0.0	0.679328859681	0.320671140319	11.0	1.0	11.0	19.0	0.0	19.0	0.0	0.0	0.0	
0	0.0	0.0	2.0	0.377269379459	0.622730620541	4.0	1.0	4.0	0.0	2.0	0.0	2.0	0.0	0.0	
0	0.0	0.0	1.0	0.305309792635	0.694690207365	4.0	1.0	4.0	1.0	0.0	1.0	0.0	0.0	0.0	
0	1.0	0.0	1.0	0.438319851905	0.561680148095	4.0	1.0	4.0	1.0	0.0	1.0	0.0	0.0	0.0	
0	0.0	0.0	1.0	0.970211343651	0.0297886563495	4.0	1.0	4.0	1.0	0.0	1.0	0.0	0.0	0.0	
0	0.0	0.0	0.0	0.438319851905	0.561680148095	2.0	1.0	2.0	1.0	0.0	1.0	0.0	0.0	0.0	
0	2.0	0.0	0.0	0.951004746919	0.0489952530805	3.0	1.0	3.0	2.0	0.0	2.0	0.0	0.0	0.0	
0	1.0	1.0	0.0	0.16264885802	0.83735114198	5.0	1.0	5.0	0.0	1.0	0.0	1.0	0.0	0.0	
0	0.0	0.0	6.0	0.204432699417	0.795567300583	21.0	3.0	7.0	0.0	21.0	0.0	7.0	0.0	0.0	
0	1.0	0.0	0.0	0.438319851905	0.561680148095	13.0	1.0	13.0	0.0	1.0	0.0	1.0	0.0	0.0	
0	0.0	0.0	1.0	0.774965492896	0.225034507104	3.0	1.0	3.0	1.0	0.0	1.0	0.0	0.0	0.0	
0	0.0	1.0	6.0	0.999968036731	3.19632686339e-05	25.0	4.0	6.25	2.0	0.0	0.5	0.0	0.866025403784	0.0	
0	1.0	0.0	0.0	0.891779950048	0.108220049952	3.0	2.0	1.5	1.0	0.0	0.5	0.0	0.5	0.0	
0	0.0	0.0	1.0	0.438319851905	0.561680148095	4.0	1.0	4.0	1.0	0.0	1.0	0.0	0.0	0.0	
0	3.0	2.0	0.0	0.647657712356	0.352342287644	8.0	2.0	4.0	1.0	2.0	0.5	1.0	0.5	0.0	
0	0.0	2.0	0.0	0.707067369897	0.292932630103	8.0	2.0	4.0	4.0	0.0	2.0	0.0	0.0	0.0	
0	0.0	0.0	3.0	0.438319851905	0.561680148095	6.0	3.0	2.0	3.0	0.0	1.0	0.0	0.0	0.0	
0	1.0	1.0	0.0	0.647657712356	0.352342287644	5.0	1.0	5.0	1.0	0.0	1.0	0.0	0.0	0.0	
0	1.0	0.0	0.0	0.438319851905	0.561680148095	2.0	1.0	2.0	1.0	0.0	1.0	0.0	0.0	0.0	
0	1.0	1.0	1.0	0.891779950048	0.108220049952	6.0	1.0	6.0	2.0	0.0	2.0	0.0	0.0	0.0	
0	1.0	0.0	2.0	0.438319851905	0.561680148095	7.0	1.0	7.0	1.0	0.0	1.0	0.0	0.0	0.0	
0	0.0	0.0	5.0	0.999968036731	3.19632686339e-05	29.0	4.0	7.25	2.0	0.0	0.5	0.0	0.866025403784	0.0	
0	1.0	0.0	0.0	0.438319851905	0.561680148095	2.0	1.0	2.0	0.0	1.0	0.0	1.0	0.0	0.0	
0	1.0	0.0	1.0	0.665279692578	0.334720307422	5.0	1.0	5.0	0.0	1.0	0.0	1.0	0.0	0.0	
0	0.0	0.0	1.0	0.949489046539	0.0505109534614	3.0	1.0	3.0	2.0	0.0	2.0	0.0	0.0	0.0	
0	1.0	1.0	1.0	0.970353502743	0.029646497257	4.0	1.0	4.0	1.0	1.0	1.0	1.0	0.0	0.0	
0	1.0	0.0	0.0	0.647657712356	0.352342287644	3.0	1.0	3.0	1.0	0.0	1.0	0.0	0.0	0.0	
0	1.0	0.0	0.0	0.880675006879	0.119324993121	4.0	1.0	4.0	0.0	1.0	0.0	1.0	0.0	0.0	
0	3.0	3.0	0.0	0.891779950048	0.108220049952	15.0	4.0	3.75	3.0	0.0	0.75	0.0	0.433012701892	0.0	
0	1.0	0.0	0.0	0.438319851905	0.561680148095	9.0	2.0	4.5	1.0	0.0	0.5	0.0	0.5	0.0	
0	0.0	1.0	2.0	0.958033248852	0.0419667511482	4.0	1.0	4.0	2.0	0.0	2.0	0.0	0.0	0.0	
0	0.0	3.0	2.0	0.473511409062	0.526488590938	9.0	2.0	4.5	4.0	0.0	2.0	0.0	1.0	0.0	
0	0.0	0.0	1.0	0.305309792635	0.694690207365	4.0	1.0	4.0	0.0	1.0	0.0	1.0	0.0	0.0	
0	0.0	2.0	4.0	0.366021479511	0.633978520489	8.0	1.0	8.0	1.25	1.0	1.25	1.0	0.0	0.0	
0	1.0	0.0	0.0	0.438319851905	0.561680148095	2.0	1.0	2.0	1.0	0.0	1.0	0.0	0.0	0.0	
0	2.0	0.0	4.0	0.438319851905	0.561680148095	14.0	5.0	2.8	2.0	0.0	0.4	0.0	0.489897948557	0.0	
0	0.0	4.0	0.0	0.73278161325	0.26721838675	12.0	4.0	3.0	0.0	12.0	0.0	3.0	0.0	0.0	
0	1.0	0.0	0.0	0.994987374377	0.0050126256229	8.0	2.0	4.0	2.0	0.0	1.0	0.0	1.0	0.0	
0	0.0	0.0	5.0	0.999968036731	3.19632686339e-05	25.0	4.0	6.25	1.0	0.0	0.25	0.0	0.433012701892	0.0	
0	0.0	0.0	5.0	0.999968036731	3.19632686339e-05	26.0	4.0	6.5	1.0	1.0	0.25	0.25	0.433012701892	0.433012701892	
0	0.0	0.0	5.0	0.999943246464	5.67535362193e-05	27.0	4.0	6.75	1.0	0.0	0.25	0.0	0.433012701892	0.0	
0	0.0	0.0	0.0	0.706067573214	0.293932426786	2.0	1.0	2.0	1.0	0.0	1.0	0.0	0.0	0.0	
0	0.0	1.0	0.0	0.438319851905	0.561680148095	3.0	1.0	3.0	1.0	0.0	1.0	0.0	0.0	0.0	
0	1.0	2.0	0.0	0.438319851905	0.561680148095	7.0	1.0	7.0	1.0	2.0	1.0	2.0	0.0	0.0	
0	0.0	0.0	1.0	0.760764007806	0.239235992194	2.0	1.0	2.0	1.0	0.0	1.0	0.0	0.0	0.0	
0	0.0	0.0	2.0	0.438319851905	0.561680148095	2.0	1.0	2.0	2.0	0.0	2.0	0.0	0.0	0.0	
0	0.0	0.0	0.0	0.528159394415	0.471840605585	7.0	1.0	7.0	1.0	0.0	1.0	0.0	0.0	0.0	
0	0.0	0.0	1.0	0.760764007806	0.239235992194	1.0	1.0	1.0	0.0	1.0	0.0	1.0	0.0	0.0	
0	0.0	2.0	1.0	0.848584129212	0.151415870788	7.0	2.0	3.5	2.0	0.0	1.0	0.0	0.0	0.0	
0	0.0	0.0	5.0	0.999968036731	3.19632686339e-05	25.0	4.0	6.25	1.0	0.0	0.25	0.0	0.433012701892	0.0	
0	1.0	0.0	1.0	0.188981718847	0.811018281153	4.0	1.0	4.0	0.0	1.0	0.0	1.0	0.0	0.0	
0	0.0	0.0	1.0	0.438319851905	0.561680148095	3.0	1.0	3.0	1.0	0.0	1.0	0.0	0.0	0.0	
0	0.0	0.0	5.0	0.188981718847	0.811018281153	9.0	2.0	4.5	0.0	1.0	0.0	0.5	0.0	0.5	
0	1.0	0.0	0.0	0.438319851905	0.561680148095	1.0	1.0	1.0	1.0	0.0	1.0	0.0	0.0	0.0	
0	1.0	0.0	0.0	0.438319851905	0.561680148095	1.0	1.0	1.0	1.0	0.0	1.0	0.0	0.0	0.0	
0	1.0	1.0	2.0	0.660021936592	0.339978063408	11.0	2.0	5.5	1.5	0.0	0.75	0.0	0.75	0.0	
0	0.0	0.0	5.0	0.999997194365	2.80563516563e-06	25.0	4.0	6.25	1.0	0.0	0.25	0.0	0.433012701892	0.0	
0	0.0	0.0	0.0	0.438319851905	0.561680148095	2.0	1.0	2.0	1.0	0.0	1.0	0.0	0.0	0.0	
0	0.0	0.0	7.0	0.999989516802	1.04831975771e-05	27.0	4.0	6.75	2.0	1.0	0.5	0.25	0.866025403784	0.433012701892	
0	0.0	0.0	0.0	0.438319851905	0.561680148095	3.0	1.0	3.0	0.0	1.0	0.0	1.0	0.0	0.0	
0	1.0	0.0	1.0	0.152669452365	0.847330547635	4.0	1.0	4.0	0.0	1.0	0.0	1.0	0.0	0.0	
0	0.0	0.0	1.0	0.438319851905	0.561680148095	4.0	1.0	4.0	1.0	0.0	1.0	0.0	0.0	0.0	
0	0.0	0.0	7.0	0.999984238547	1.57614533497e-05	26.0	4.0	6.5	1.0	0.0	0.25	0.0	0.433012701892	0.0	
0	2.0	0.0	0.0	0.875286399396	0.124713600604	6.0	2.0	3.0	2.0	0.0	1.0	0.0	0.0	0.0	
0	0.0	0.0	1.0	0.774965492896	0.225034507104	5.0	2.0	2.5	1.0	0.0	0.5	0.0	0.5	0.0	
0	1.0	0.0	0.0	0.775824123073	0.224175876927	3.0	1.0	3.0	1.0	0.0	1.0	0.0	0.0	0.0	
0	2.0	1.0	0.0	0.647657712356	0.352342287644	5.0	1.0	5.0	1.0	0.0	1.0	0.0	0.0	0.0	
0	1.0	0.0	0.0	0.438319851905	0.561680148095	5.0	1.0	5.0	1.0	0.0	1.0	0.0	0.0	0.0	
0	2.0	2.0	1.0	0.648368012006	0.351631987994	8.0	2.0	4.0	1.5	0.0	0.75	0.0	0.75	0.0	
0	1.0	1.0	0.0	0.438319851905	0.561680148095	4.0	1.0	4.0	1.0	0.0	1.0	0.0	0.0	0.0	
0	0.0	0.0	5.0	0.999968036731	3.19632686339e-05	25.0	4.0	6.25	1.0	0.0	0.25	0.0	0.433012701892	0.0	
0	0.0	1.0	1.0	0.438319851905	0.561680148095	2.0	1.0	2.0	1.0	0.0	1.0	0.0	0.0	0.0	
0	2.0	1.0	0.0	0.648368012006	0.351631987994	5.0	2.0	2.5	1.5	0.0	0.75	0.0	0.75	0.0	
0	0.0	0.0	0.0	0.438319851905	0.561680148095	2.0	1.0	2.0	1.0	0.0	1.0	0.0	0.0	0.0	
0	1.0	0.0	0.0	0.438319851905	0.561680148095	5.0	1.0	5.0	1.0	0.0	1.0	0.0	0.0	0.0	
0	0.0	0.0	1.0	0.898894662386	0.101105337614	8.0	1.0	8.0	1.0	0.0	1.0	0.0	0.0	0.0	
0	0.0	2.0	3.0	0.954560094582	0.0454399054176	12.0	2.0	6.0	4.0	0.0	2.0	0.0	1.0	0.0	
0	1.0	0.0	0.0	0.438319851905	0.561680148095	9.0	1.0	9.0	0.0	1.0	0.0	1.0	0.0	0.0	
