0.0511901463292 0.948809853671
0.316745640781 0.683254359219
0.741056592527 0.258943407473
0.980022580278 0.0199774197219
0.0511901463292 0.948809853671
0.725027257229 0.274972742771
0.0466751971891 0.953324802811
0.142810495373 0.857189504627
0.257071275769 0.742928724231
0.13011325674 0.86988674326
0.0529701720742 0.947029827926
0.726388054187 0.273611945813
0.551738285427 0.448261714573
0.0170575411402 0.98294245886
0.0942474430795 0.90575255692
0.212394364485 0.787605635515
0.0973710407799 0.90262895922
0.318165503448 0.681834496552
0.0511901463292 0.948809853671
0.191598043437 0.808401956563
0.728321390001 0.271678609999
0.13011325674 0.86988674326
0.948485974542 0.0515140254577
0.191598043437 0.808401956563
0.191598043437 0.808401956563
0.0511901463292 0.948809853671
0.388140649871 0.611859350129
0.687472520825 0.312527479175
0.870662745238 0.129337254762
0.701299218991 0.298700781009
0.108242564044 0.891757435956
0.1246797767 0.8753202233
0.240397454275 0.759602545725
0.506105134983 0.493894865017
0.0340467570814 0.965953242919
0.0766784221875 0.923321577813
0.132013931542 0.867986068458
0.0194118713444 0.980588128656
0.227300179033 0.772699820967
0.553770078963 0.446229921037
0.458811606588 0.541188393412
0.562160879969 0.437839120031
0.299696127572 0.700303872428
0.304944838624 0.695055161376
0.812043830196 0.187956169804
0.227300179033 0.772699820967
0.259501131543 0.740498868457
0.0511901463292 0.948809853671
0.333903064331 0.666096935669
0.413181715087 0.586818284913
0.0511901463292 0.948809853671
0.999458515957 0.000541484042521
0.400128182447 0.599871817553
0.375837440352 0.624162559648
0.191598043437 0.808401956563
0.12402015642 0.87597984358
0.12402015642 0.87597984358
0.200567357379 0.799432642621
0.591763232517 0.408236767483
0.302760643219 0.697239356781
0.776117816133 0.223882183867
0.166472631802 0.833527368198
0.0854567440158 0.914543255984
0.111150543816 0.888849456184
0.275413538074 0.724586461926
0.525535829452 0.474464170548
0.414560217779 0.585439782221
0.00141887798587 0.998581122014
0.776282026922 0.223717973078
0.240448500022 0.759551499978
0.236060217668 0.763939782332
0.593246493054 0.406753506946
0.191598043437 0.808401956563
0.354864059141 0.645135940859
0.150974581895 0.849025418105
0.159068599708 0.840931400292
0.0511901463292 0.948809853671
0.433270098052 0.566729901948
0.0739992794249 0.926000720575
0.143540868658 0.856459131342
0.0509913712882 0.949008628712
0.174979850147 0.825020149853
0.12402015642 0.87597984358
0.0582351395176 0.941764860482
0.201091864645 0.798908135355
0.549916313246 0.450083686754
0.0511901463292 0.948809853671
0.357242166325 0.642757833675
0.407958661812 0.592041338188
0.302568609419 0.697431390581
0.684692457709 0.315307542291
0.217414064988 0.782585935012
0.0128604828837 0.987139517116
0.679278320282 0.320721679718
0.974558756701 0.0254412432985
0.0511901463292 0.948809853671
0.0239647384558 0.976035261544
0.172637946335 0.827362053665
0.150974581895 0.849025418105
0.0412817732052 0.958718226795
0.0511901463292 0.948809853671
0.315588602336 0.684411397664
0.0204331282183 0.979566871782
0.0212259913414 0.978774008659
0.475626609055 0.524373390945
0.143540868658 0.856459131342
0.305955432204 0.694044567796
0.422592750273 0.577407249727
0.0787556110592 0.921244388941
0.0626459030244 0.937354096976
0.441524927599 0.558475072401
0.290159390402 0.709840609598
0.176924819394 0.823075180606
0.858241780545 0.141758219455
0.270026702194 0.729973297806
0.355831487904 0.644168512096
0.0511901463292 0.948809853671
0.629746209673 0.370253790327
0.039994533081 0.960005466919
0.14485277246 0.85514722754
0.297486315628 0.702513684372
0.940447550058 0.0595524499415
0.226170037624 0.773829962376
0.199005306643 0.800994693357
0.191598043437 0.808401956563
0.197829311731 0.802170688269
0.0151751127266 0.984824887273
0.0511901463292 0.948809853671
0.191598043437 0.808401956563
0.168315248589 0.831684751411
0.0090844435902 0.99091555641
0.0839896070257 0.916010392974
0.333418000716 0.666581999284
0.159068599708 0.840931400292
0.0511901463292 0.948809853671
0.191598043437 0.808401956563
0.25448946287 0.74551053713
0.519531782788 0.480468217212
0.224550444346 0.775449555654
0.0333341877286 0.966665812271
0.0942474430795 0.90575255692
0.318165503448 0.681834496552
0.0814119198888 0.918588080111
0.897422967167 0.102577032833
0.195136032761 0.804863967239
0.416005904493 0.583994095507
0.0602262024295 0.939773797571
0.159068599708 0.840931400292
0.687472520825 0.312527479175
0.159068599708 0.840931400292
0.262412361346 0.737587638654
0.0511901463292 0.948809853671
0.456615422565 0.543384577435
0.0258252422212 0.974174757779
0.191598043437 0.808401956563
0.0381739047657 0.961826095234
0.0529701720742 0.947029827926
0.0368717385425 0.963128261457
0.0511901463292 0.948809853671
0.0511901463292 0.948809853671
0.0511901463292 0.948809853671
0.186537738391 0.813462261609
0.401863603579 0.598136396421
0.233084176715 0.766915823285
0.0904727233472 0.909527276653
0.31158778312 0.688412216879
0.167536045359 0.832463954641
0.143540868658 0.856459131342
0.0511901463292 0.948809853671
0.353807071488 0.646192928512
0.159068599708 0.840931400292
0.143540868658 0.856459131342
0.0386538967804 0.96134610322
0.366380036454 0.633619963546
0.0805260680712 0.919473931929
0.0839896070257 0.916010392974
0.0190650384802 0.98093496152
0.154002237601 0.845997762399
0.142810495373 0.857189504627
0.114118912726 0.885881087274
0.0931094452933 0.906890554707
0.635098759581 0.364901240419
0.72722533967 0.27277466033
0.971868680661 0.0281313193386
0.313058696164 0.686941303836
0.0511901463292 0.948809853671
0.0678543615663 0.932145638434
0.159068599708 0.840931400292
0.0207192917217 0.979280708278
0.191598043437 0.808401956563
0.185541251884 0.814458748116
0.113852428282 0.886147571718
0.143540868658 0.856459131342
0.0511901463292 0.948809853671
0.186537738391 0.813462261609
0.0511901463292 0.948809853671
0.191598043437 0.808401956563
0.414560217779 0.585439782221
0.467198831365 0.532801168635
0.438703177453 0.561296822547
0.168315248589 0.831684751411
0.0511901463292 0.948809853671
0.207450669062 0.792549330938
0.060826218747 0.939173781253
0.00675466729286 0.993245332707
0.226170037624 0.773829962376
0.114586815669 0.885413184331
0.355831487904 0.644168512096
0.114118912726 0.885881087274
0.168315248589 0.831684751411
0.416005904493 0.583994095507
0.0230955764306 0.976904423569
0.00958431357432 0.990415686426
0.0267293883513 0.973270611649
0.65148451351 0.34851548649
0.120797372872 0.879202627128
0.104841053916 0.895158946084
0.0522642074317 0.947735792568
0.0511901463292 0.948809853671
0.14485277246 0.85514722754
0.155159247009 0.844840752991
0.114586815669 0.885413184331
0.740027693509 0.259972306491
0.12402015642 0.87597984358
0.191598043437 0.808401956563
0.318165503448 0.681834496552
0.949852066493 0.050147933507
0.0904727233472 0.909527276653
0.176630746128 0.823369253872
0.174979850147 0.825020149853
0.0511901463292 0.948809853671
0.0511901463292 0.948809853671
0.0815084975434 0.918491502457
0.0519269676006 0.948073032399
0.117815435063 0.882184564937
0.0511901463292 0.948809853671
0.0258252422212 0.974174757779
0.0262470422055 0.973752957794
0.114118912726 0.885881087274
0.0238044294109 0.976195570589
0.0511901463292 0.948809853671
0.459832119795 0.540167880205
0.228254005779 0.771745994221
0.039994533081 0.960005466919
0.303681251974 0.696318748026
0.0349458583238 0.965054141676
0.0511901463292 0.948809853671
0.0511901463292 0.948809853671
0.114586815669 0.885413184331
0.135001079027 0.864998920973
0.228261999754 0.771738000246
0.0511901463292 0.948809853671
0.0252498263655 0.974750173635
0.038411127601 0.961588872399
0.159068599708 0.840931400292
0.568765583744 0.431234416256
0.160489284135 0.839510715865
0.0511901463292 0.948809853671
0.0787556110592 0.921244388941
0.114118912726 0.885881087274
0.0206717301006 0.979328269899
0.2689644175 0.7310355825
0.0326697764075 0.967330223592
0.114118912726 0.885881087274
0.191598043437 0.808401956563
0.039994533081 0.960005466919
0.0511901463292 0.948809853671
0.0511901463292 0.948809853671
0.181415968624 0.818584031376
0.0170575411402 0.98294245886
0.00124937365862 0.998750626341
0.0085942761176 0.991405723882
0.0284665042552 0.971533495745
0.0290822708202 0.97091772918
0.0511901463292 0.948809853671
0.011745006147 0.988254993853
0.0585080961882 0.941491903812
0.0261658357176 0.973834164282
0.0223794988426 0.977620501157
0.00808907842449 0.991910921576
0.0085942761176 0.991405723882
0.000413702185109 0.999586297815
0.101336549705 0.898663450295
0.00347090147712 0.996529098523
0.0122789772915 0.987721022708
0.0368717385425 0.963128261457
0.0116942628973 0.988305737103
0.0170575411402 0.98294245886
0.000375562165706 0.999624437834
0.0064473145607 0.993552685439
0.0584806917475 0.941519308252
0.0113564477551 0.988643552245
0.0125408061239 0.987459193876
0.0840509412645 0.915949058735
0.0511901463292 0.948809853671
0.0990031402135 0.900996859787
0.000205315282276 0.999794684718
0.0422455947085 0.957754405292
0.127991061139 0.872008938861
0.0163912139983 0.983608786002
0.00135294638353 0.998647053616
0.0875360379165 0.912463962083
