1.73205080757
7.03320651344
4.79893538659
2.51394357543
4.48298205357
8.89021596665
8.93144481183
5.45368079292
7.9862667455
1.24785833444
2.59891596061
4.18330828177
5.61061468677
2.86150887884
6.79170505815
12.0804290778
4.33108572609
3.17955131052
9.13632723464
6.24652709463
7.91951201214
4.16029002138
6.05176694186
2.49000306455
4.71707152778
1.97986882104
1.92233526018
6.50316670473
8.01371439315
3.4510020908
5.18287451475
4.41110195341
1.34951939709
4.69734760175
11.4843839014
6.72514518684
2.95161039765
7.57950070648
4.07525226105
1.72634858829
4.03850005291
10.6448386651
4.89087675482
7.33401410145
6.71440654605
1.0
6.45166950894
5.26286057059
2.48113374538
3.74420366808
3.09956280403
4.76057886734
3.1203449933
3.49692496955
5.09623515376
2.83001890206
2.57457333433
2.73570796045
3.63604059029
7.24527653674
4.21191899312
4.76502378958
3.70492133522
3.9537954466
6.71440654605
3.47703124367
5.25146763525
6.00944582848
8.54656462525
4.85741326885
4.33374830072
3.09051845694
5.03708643146
4.33374830072
2.94375654358
4.35962881748
4.93385137615
9.62540350338
6.33196441668
3.70492133522
5.38922994196
9.0437947562
4.1244218642
2.78075411803
6.9727968161
7.30828077013
3.01386477422
6.3607473354
4.98075057525
5.77573359612
6.06586135443
3.54157706683
4.65118312541
4.59534226449
5.52567871827
6.62544987427
2.99956396936
7.75284492969
1.62830892759
5.20162803511
2.53382819951
7.34175912135
5.77205021878
6.89375094139
4.02587231395
6.50316670473
4.60663265958
3.99669741454
5.50642800491
4.2830488594
3.35042065456
4.78235810993
3.46624485975
4.5799733688
5.2610203298
4.29857341994
3.37950408607
7.8344851125
4.95497353084
3.50520316262
4.26852262343
6.96108628723
4.48298205357
4.71724266672
4.84736514433
3.01822212226
3.19461344724
4.04957733474
3.51826271954
4.439520233
3.98880772949
3.08585358653
2.30622763797
4.31982793775
6.50316670473
2.47728402029
3.67943453052
7.56408723018
6.2107064517
2.13472125692
4.51803339151
5.19359605451
5.14335217951
2.37416950558
5.82734903899
2.52045178107
3.35737098471
5.63845272087
5.27703189688
8.86797024833
9.64126633943
4.09057179925
5.75774137959
2.62869108929
4.83877827335
2.00874708429
2.63271355653
4.03691192116
5.30227678207
2.81523172103
4.09912116927
4.30457010233
4.36850011735
6.17171236165
7.34175912135
2.57692821779
3.48560053162
5.76402954124
7.40241693302
3.17197777016
3.76550309574
11.3953591284
2.99403260809
4.94777668174
3.76124552814
4.60663265958
3.14030722451
2.19394438512
4.46135065204
3.57799734337
2.46870153415
3.13656855003
2.59891596061
4.53168315827
3.58562401026
6.26076585616
3.0274140455
3.27419262684
4.33490699254
3.61477849507
2.34033133196
4.68336801
5.30227678207
5.44463386622
3.01189847044
5.88436358024
5.50285239515
4.97091307265
4.04610565452
4.83877827335
5.28436849013
3.54617259234
3.52679706402
3.18184979273
4.08737593356
1.91112837789
2.04424988704
3.21258989773
3.14983523357
4.61847756442
3.56886911762
2.48688409761
4.89364619491
2.16986974121
2.72281059524
2.55515213524
7.54309141815
5.15446698432
3.28723430697
5.34214320766
4.53168315827
2.81617119025
5.19359605451
2.52045178107
10.5365632759
3.56886911762
4.71707152778
4.59534226449
5.17180688726
3.36591089596
2.08149202609
2.96073302119
2.75511129894
2.26450873074
5.64753470951
2.27398675428
3.09816252977
2.27614271834
2.36467322903
2.96309209948
2.19860815412
2.89311712464
3.98891158594
4.6167058212
3.16076398857
4.11777906487
1.87686523783
1.0
6.25206070683
4.99025189421
4.07572243369
2.72281059524
1.0
2.48964574216
2.54870036173
4.67739057207
4.49385352794
1.95533156733
2.53379237726
3.02212114607
2.31236021332
4.16551097826
3.47490159169
3.17686611513
5.22561428486
3.65966636588
2.41804149357
5.50285239515
4.20454344651
2.18810658541
3.81062475475
2.16975938057
1.47101431466
1.24893088317
5.30227678207
1.37592113747
1.77899848901
3.73224423552
2.32521341063
5.58963664976
3.1977306336
1.95539579267
1.99522920194
1.3166647406
1.41421356237
1.3226684478
1.85224268638
1.0
1.92017571408
1.6619401982
8.55449608472
2.29455330866
2.65239874867
1.37592113747
4.70003858645
1.8653231782
2.26222573329
2.14436898737
1.58597605173
1.83548917336
1.93786373073
1.94127007479
