1.41421356237
2.16245306021
2.35994001845
1.92674497265
1.41421356237
2.12889935193
1.34301066535
1.69198980108
1.71903780021
1.41296144799
1.41421356237
1.40003968817
1.90381961535
2.16640149977
1.68295823643
1.33248613265
2.36113707954
1.69315385214
1.41148191355
1.34132372772
1.71265798518
1.41348125743
2.09659152879
1.88557316857
1.63170364788
1.85248395489
1.69492596262
1.69973356407
2.58800593635
2.06103339126
1.89862847375
1.0
1.72802857743
1.92021602911
1.39034805915
2.17439140761
1.39312146153
1.71922933085
1.41421356237
1.3395523425
2.15263530756
1.9208092449
1.72033468309
1.90396242532
2.40328319732
1.72897931049
1.65256826519
1.41421356237
1.71233197293
1.90152412508
1.28365220082
2.62182920075
1.62506305479
1.33908682632
2.08072032271
1.39796638039
1.6681429126
1.41421356237
2.11413649568
1.63929308759
2.60720874615
1.6863918312
2.16416783707
2.0962841311
1.61846054092
1.68861493079
1.41072902285
2.21048903326
2.13734480132
2.10257637521
1.71517411207
1.97056961711
2.33196750043
1.71243139014
1.63035966674
2.13372176016
1.41421356237
1.62274227623
2.18133237787
1.38189920741
1.40364530897
1.36043743325
1.35852500438
1.68543560808
1.28365220082
1.94751042631
1.0
3.05579953433
1.99238479766
1.63584191935
1.66382453796
1.65322941232
1.30851106815
2.10845682168
2.46297250897
1.0
1.68424876891
1.72870372319
1.63669907435
1.93646708125
1.93648595384
3.29583062968
1.3625139145
2.92068846301
2.82614186753
1.0
1.41398309459
1.88767629264
1.70889192852
2.3583411322
1.98410259732
2.18419251398
1.85019004137
2.50115324721
1.0
1.96505956079
1.41127073423
1.71383058984
1.66985568083
1.87726301741
1.72260515821
1.40146034965
1.33634424719
1.86863686798
2.24742277459
2.07730296553
2.72899588207
1.0
1.278775506
1.38042510488
1.39034805915
1.40670347584
2.91792817543
1.86937085959
1.41421356237
2.29217665167
2.10283675947
1.69991021427
2.37401811994
1.9074438483
1.70896063614
1.69315385214
2.21762014244
1.90910269736
2.75344468019
1.39312146153
1.0
1.86492124599
1.69973356407
2.10656201932
1.0
1.71877770777
1.64548158697
1.69174054054
1.90691760254
1.68424876891
1.90194348179
1.38361842008
1.28365220082
1.70765024815
1.0
1.94243234602
2.31963008174
1.69579646773
1.69027735921
1.65821471974
1.41127073423
1.0
1.41148191355
2.36060477931
2.27258244756
1.41396056727
1.35437898102
1.59856589954
1.40003968817
3.19778866387
1.681457259
1.60775545075
1.41272853598
1.0
1.69508571163
1.69388466731
2.16301774613
2.75693307259
1.63990443046
1.41148191355
1.41033632886
2.1044329393
2.18227438886
1.89200123361
2.18419251398
1.68142401642
2.04005317675
2.0
1.38650373331
1.72527520693
1.90564424311
1.70671409516
1.98479652792
1.96685928356
1.90112000566
1.0
1.34301066535
2.11596480136
1.99499462183
1.0
1.39536346298
1.41228304637
1.0
1.69991021427
2.3305973677
1.73205080757
2.62500681123
1.60252724252
2.06728490402
1.41127073423
2.16234817926
2.36675335523
1.41421356237
2.13343707892
1.6616463867
1.39536346298
1.69991021427
1.37192845487
2.15030811553
1.91540518282
2.1430016521
1.41395739327
1.41404972158
1.0
1.94237769572
1.95674341744
1.6639738223
1.9881302215
2.17755853226
1.38530027353
1.69174054054
2.17672316588
1.0
2.17963913727
1.95539925136
2.37246025418
1.99619718465
1.3838768999
1.88392728697
1.70446987938
1.0
1.68976722929
1.39536346298
1.91783827081
3.47454908907
1.68976722929
1.60252724252
1.917431416
1.61806926086
1.81113349961
2.09840235869
0
1.0
1.6643783869
1.73205080757
1.73205080757
1.40712672049
1.33248613265
1.94817067396
1.0
1.70765024815
1.94935292696
1.6807208236
1.98759198978
1.98785149103
1.3625139145
1.72378858532
2.51712198251
1.72897931049
2.19889948335
1.8858062623
1.99206016324
1.7307249147
2.18419251398
2.22451210318
1.41421356237
2.09773898698
2.14784075865
3.12819618048
1.68424876891
1.96193268054
1.35813112622
2.76252077779
1.0
2.14874510608
1.41127073423
1.6968644195
2.57413859265
1.37571801515
1.6863918312
2.75183011518
1.9698766066
1.38125257324
2.54015910487
2.23605738962
1.41421356237
