0.5
0.999734307112
0.999999897087
0.987112036251
0.999893938369
0.999999999999
0.999999900961
0.999928060741
0.00168912699518
0.482374764374
0.996767696394
0.999965846461
0.872989402378
0.980652652628
0.999999251265
5.2367320591e-08
0.999980430452
0.992616571318
0.811160624539
0.999999999758
0.999999970491
0.999915585323
0.999999743901
0.996503657109
0.999999336303
0.998944017668
0.754785415876
0.99978705277
0.9999997077
0.999859261203
0.999998808607
0.999994231999
0.87525957967
0.999999999954
1.0
0.0130693518065
0.999766427103
0.999999735302
0.873150603741
0.288573949759
0.982301641482
0.999990406615
0.99998908516
0.999999993313
0.999926264194
0.824175824176
0.760096343909
0.999999991499
0.970121250137
0.805531146767
0.999963515499
0.99999999003
0.967869895353
0.961234760108
0.99999854709
0.993082216427
0.943114141974
0.818505120817
0.999986579025
0.99990866744
0.999836949094
0.999984625596
0.997379997941
0.999986136023
0.999926264194
0.995789057453
0.837560776262
8.57046424141e-06
0.999721411463
0.44580554906
0.999514397663
0.986325062646
0.802253465146
0.999734138179
0.978238865067
0.0170765789072
0.0324152176049
1.0
0.984775420907
0.997379997941
0.999980614689
0.998172530018
0.999993732787
0.836420659017
0.999999997768
0.999999998232
0.999333426528
0.998828621246
0.999060697927
0.999999699886
0.000288989719108
0.985891210841
0.895348180022
0.999433938905
0.999999998279
0.999998678194
0.911557733932
0.999999305093
0.991567929162
0.947321386901
0.995712691528
0.999967934012
0.105915171105
9.58023970155e-08
0.999987420841
0.99978705277
0.999995076199
0.663561888399
0.999956109393
0.999999995456
0.999156074902
0.999898330945
0.930451812382
0.999999855074
0.997624313753
0.999969056819
0.999767683368
7.33384242224e-10
0.999997776442
0.997134882688
0.999961434893
0.98109658805
0.999893938369
0.999999938669
0.999520231545
0.999432608336
0.999566752608
0.999763552584
0.999837734113
0.913620015732
0.999992421393
0.685542562743
0.86341770756
0.991076372285
0.99978705277
0.999680607425
0.999983357385
0.999999971272
0.999999237038
0.869280496188
0.0457893297633
0.263608134174
0.999999979544
0.998928333027
0.999996356629
0.990857323363
0.987567075189
0.999775782403
0.999999964624
0.00287122398729
1.28186350423e-12
0.911493323872
0.99999999999
0.999995458094
0.999985625135
0.386856388159
0.994579872645
0.350540453035
0.999992621719
0.999906022187
0.998218808834
0.999990220973
0.991677554378
0.999999581812
0.999967934012
0.645783694098
0.998935566642
0.999395815795
0.992914381192
0.999998070337
0.999999649622
0.999999999898
0.996892386082
0.999846367363
0.999854156832
0.999995076199
0.981960316491
0.821506646007
0.999892760869
0.949912136855
0.992996930849
0.966899862767
0.996767696394
0.977150695823
0.941142388345
0.000164711321062
0.972102626194
0.342422007521
0.0127696088885
0.999439059097
0.999398985466
0.648721961672
0.999992621719
0.950140575443
0.342955843657
0.511576396084
0.0241838022519
0.93686179797
0.10922498961
0.999985625135
0.999999999997
0.999658877668
0.971871124634
0.631601089316
0.999996533078
0.271226587307
0.998273760959
0.998670532761
0.943544173042
0.999501990373
0.991311703928
0.999999274004
0.96799568125
0.992609728467
0.997320553044
0.771222364223
0.918822062896
0.0766985023438
0.957150590625
2.75617616492e-05
0.977150695823
0.990385091666
0.263608134174
0.990857323363
0.920129407272
0.991311703928
0.999999336303
0.999433938905
0.999988563365
0.999983360526
0.943882439761
0.995535759601
0.988828231508
0.999859593689
0.999999941783
0.999501366921
0.0875003203728
0.95617988648
0.42054776012
0.997398433359
0.769445705072
0.999505128697
0.682718352473
0.999940055832
0.986474344091
0.99998815422
0.839250588902
0.747572815534
0.999911344385
0.996284816419
0.129361760554
0.997320553044
0.548550087873
0.881743059178
0.998000144216
0.999991718796
0.039534983966
0.939427056478
0.883908412974
0.98911290982
0.998498269481
0.998303105476
0.999532808591
0.986204983625
0.883979285811
0.41994940937
0.995392400427
0.0182481792787
0.765627816192
0.799291964931
0.96488610012
0.977727304356
0.0835785368065
0.942532261329
0.999992621719
0.265905558512
0.996279926264
0.921577885854
0.987269407189
0.999973431126
0.78770543049
0.99959350637
0.722413318258
0.514707998475
0.58695840112
0.255398846079
0.46116246146
0.409669211196
0.754537189433
0.695379678497
3.28447713471e-10
0.998141907665
0.960771073902
0.126497981793
0.999958052748
0.64401094972
0.987776652954
0.991797123712
0.663547764591
0.846694528301
0.471624764018
0.747806328998
