0.5 0.5
0.650289193803 0.349710806197
0.989867779207 0.0101322207934
0.997301497612 0.00269850238849
0.5 0.5
0.908051021007 0.091948978993
0.453976078184 0.546023921816
0.715541799542 0.284458200458
0.716753378831 0.283246621169
0.946505704506 0.0534942954942
0.469843802294 0.530156197706
0.973079480934 0.0269205190659
0.941984330487 0.0580156695129
0.0934687783492 0.906531221651
0.601717993776 0.398282006224
0.755756978457 0.244243021543
0.619115714136 0.380884285864
0.786743190806 0.213256809194
0.5 0.5
0.733913354693 0.266086645307
0.935051825658 0.064948174342
0.748386880707 0.251613119293
0.984350382276 0.0156496177243
0.733913354693 0.266086645307
0.824187591227 0.175812408773
0.5 0.5
0.796069860982 0.203930139018
0.937847445458 0.0621525545421
0.984474271193 0.0155257288068
0.970091071706 0.0299089282936
0.555827363544 0.444172636456
0.69319635423 0.30680364577
0.669106855645 0.330893144355
0.871341601478 0.128658398522
0.739088439274 0.260911560726
0.52182963244 0.47817036756
0.612951922576 0.387048077424
0.246336588841 0.753663411159
0.844692078393 0.155307921607
0.883910692763 0.116089307237
0.901709541948 0.0982904580524
0.85558895917 0.14441104083
0.895580767488 0.104419232512
0.694551318312 0.305448681688
0.935091833107 0.0649081668931
0.788993471052 0.211006528948
0.731494496549 0.268505503451
0.679952856981 0.320047143019
0.705801612059 0.294198387941
0.828404635059 0.171595364941
0.5 0.5
0.999920335624 7.96643764711e-05
0.81363751308 0.18636248692
0.826903502569 0.173096497431
0.733913354693 0.266086645307
0.70890306707 0.29109693293
0.860331888603 0.139668111397
0.818220790704 0.181779209296
0.875420538997 0.124579461003
0.853680812051 0.146319187949
0.965859124272 0.0341408757281
0.726452677794 0.273547322206
0.401971723867 0.598028276133
0.48918417515 0.51081582485
0.765164294932 0.234835705068
0.853718296634 0.146281703366
0.887917090252 0.112082909748
0.031199778111 0.968800221889
0.968716385125 0.0312836148749
0.71664564997 0.28335435003
0.700093382329 0.299906617671
0.919092752186 0.0809072478144
0.921381803825 0.078618196175
0.816957290909 0.183042709091
0.705088063693 0.294911936307
0.665814413367 0.334185586633
0.5 0.5
0.857876099733 0.142123900267
0.413465307701 0.586534692299
0.655737445889 0.344262554111
0.461865290812 0.538134709188
0.756057607033 0.243942392967
0.591784400439 0.408215599561
0.449642050427 0.550357949573
0.772689223942 0.227310776058
0.948224040203 0.0517759597975
0.5 0.5
0.897963269211 0.102036730789
0.914569056105 0.0854309438948
0.760333486171 0.239666513829
0.899427864494 0.100572135506
0.720730090094 0.279269909906
0.298200274007 0.701799725993
0.908907139951 0.0910928600486
0.994439117096 0.00556088290445
0.5 0.5
0.347815030371 0.652184969629
0.615395168907 0.384604831093
0.602368162883 0.397631837117
0.419395722297 0.580604277703
0.372990085348 0.627009914652
0.737543568605 0.262456431395
0.231334905008 0.768665094992
0.234246077473 0.765753922527
0.974970365108 0.025029634892
0.655737445889 0.344262554111
0.826958763535 0.173041236465
0.874024689378 0.125975310622
0.554171359572 0.445828640428
0.305985791782 0.694014208218
0.70326255648 0.29673744352
0.909807721447 0.090192278553
0.885626864048 0.114373135952
0.955383582633 0.0446164173671
0.871770656138 0.128229343862
0.742632856915 0.257367143085
0.56932487203 0.43067512797
0.9080957675 0.0919042325004
0.426615258123 0.573384741877
0.557376864727 0.442623135273
0.646129955348 0.353870044652
0.994872520071 0.00512747992858
0.772689223942 0.227310776058
0.665085484152 0.334914515848
0.733913354693 0.266086645307
0.627729377694 0.372270622306
0.0863931493751 0.913606850625
0.401522742614 0.598477257386
0.609775420315 0.390224579685
0.742399780562 0.257600219438
0.170823420921 0.829176579079
0.618666395965 0.381333604035
0.803175869865 0.196824130135
0.503938241334 0.496061758666
0.718266021675 0.281733978325
0.733913354693 0.266086645307
0.745910461765 0.254089538235
0.924504256747 0.075495743253
0.617311174063 0.382688825937
0.26791512803 0.73208487197
0.865218941732 0.134781058268
0.786743190806 0.213256809194
0.591302006903 0.408697993097
0.986739311774 0.0132606882264
0.750174500546 0.249825499454
0.857116187041 0.142883812959
0.443760088869 0.556239911131
0.585224314012 0.414775685988
0.937847445458 0.0621525545421
0.665814413367 0.334185586633
0.882785654237 0.117214345763
0.5 0.5
0.9216851702 0.0783148298002
0.366045805046 0.633954194954
0.940951884977 0.0590481150229
0.367341450149 0.632658549851
0.469843802294 0.530156197706
0.395830740762 0.604169259238
0.5 0.5
0.387222749317 0.612777250683
0.5 0.5
0.877103179832 0.122896820168
0.778967727142 0.221032272858
0.761633463996 0.238366536004
0.550672121601 0.449327878399
0.838404294492 0.161595705508
0.752791817858 0.247208182142
0.655737445889 0.344262554111
0.5 0.5
0.838383161652 0.161616838348
0.665814413367 0.334185586633
0.655737445889 0.344262554111
0.434039259014 0.565960740986
0.852423327165 0.147576672835
0.532071268771 0.467928731229
0.632140987526 0.367859012474
0.249816910052 0.750183089948
0.659592701203 0.340407298797
0.715541799542 0.284458200458
0.622238656094 0.377761343906
0.593082526331 0.406917473669
0.930676316371 0.0693236836289
0.955445274275 0.0445547257247
0.997358841612 0.00264115838761
0.804103826495 0.195896173505
0.5 0.5
0.557008408141 0.442991591859
0.770500809711 0.229499190289
0.294324473277 0.705675526723
0.921381803825 0.078618196175
0.726868805989 0.273131194011
0.593302109329 0.406697890671
0.655737445889 0.344262554111
0.607465013108 0.392534986892
0.758996518572 0.241003481428
0.772689223942 0.227310776058
0.942553768709 0.057446231291
0.887917090252 0.112082909748
0.902675774802 0.0973242251983
0.925292335249 0.0747076647514
0.742399780562 0.257600219438
0.5 0.5
0.81890467532 0.18109532468
0.373192328622 0.626807671378
0.1039678597 0.8960321403
0.772689223942 0.227310776058
0.58629780914 0.41370219086
0.742632856915 0.257367143085
0.622238656094 0.377761343906
0.880203193858 0.119796806142
0.767364316564 0.232635683436
0.194022228557 0.805977771443
0.217292600876 0.782707399124
0.29279060965 0.70720939035
0.937544176262 0.0624558237379
0.419342970384 0.580657029616
0.667625644662 0.332374355338
0.36627138828 0.63372861172
0.5 0.5
0.557376864727 0.442623135273
0.705548405831 0.294451594169
0.58629780914 0.41370219086
0.971003683715 0.0289963162847
0.636973306955 0.363026693045
0.733913354693 0.266086645307
0.547019544602 0.452980455398
0.984472472534 0.0155275274659
0.550672121601 0.449327878399
0.771703644892 0.228296355108
0.756057607033 0.243942392967
0.372990085348 0.627009914652
0.298200274007 0.701799725993
0.547303610518 0.452696389482
0.310962201571 0.689037798429
0.59346053513 0.40653946487
0.387222749317 0.612777250683
0.366045805046 0.633954194954
0.296550323586 0.703449676414
0.622238656094 0.377761343906
0.207451211351 0.792548788649
0.679740424304 0.320259575696
0.869371437239 0.130628562761
0.833708313655 0.166291686345
0.426615258123 0.573384741877
0.791550697557 0.208449302443
0.387703672375 0.612296327625
0.5 0.5
0.5 0.5
0.58629780914 0.41370219086
0.871447596314 0.128552403686
0.596320525235 0.403679474765
0.5 0.5
0.282132142735 0.717867857265
0.393704160048 0.606295839952
0.665814413367 0.334185586633
0.826175238247 0.173824761753
0.530489575521 0.469510424479
0.5 0.5
0.554171359572 0.445828640428
0.622238656094 0.377761343906
0.236072039317 0.763927960683
0.852452885944 0.147547114056
0.368530792249 0.631469207751
0.622238656094 0.377761343906
0.733913354693 0.266086645307
0.426615258123 0.573384741877
0.617009758626 0.382990241374
0.5 0.5
0.786440485252 0.213559514748
0.175508599123 0.824491400877
0.0263725347807 0.973627465219
0.220741952957 0.779258047043
0.383451284593 0.616548715407
0.35160822766 0.64839177234
0.5 0.5
0.31274094839 0.68725905161
0.426925488438 0.573074511562
0.333614804133 0.666385195867
0.313718972535 0.686281027465
0.201799230552 0.798200769448
0.185964010351 0.814035989649
0.023507018573 0.976492981427
0.503938241334 0.496061758666
0.034206108659 0.965793891341
0.0715540023001 0.9284459977
0.395830740762 0.604169259238
0.16612743308 0.83387256692
0.220741952957 0.779258047043
0.00130141770502 0.998698582295
0.175226420273 0.824773579727
0.458501045873 0.541498954127
0.212843844454 0.787156155546
0.2111363094 0.7888636906
0.289741632561 0.710258367439
0.5 0.5
0.384603848236 0.615396151764
0.00196243276848 0.998037567232
0.299812121566 0.700187878434
0.56231815659 0.43768184341
0.123521499572 0.876478500428
0.023335716956 0.976664283044
0.531196050834 0.468803949166
