0.00810004391412 0.991899956086
0.990985097294 0.00901490270633
0.19072324143 0.80927675857
0.953170235461 0.0468297645386
0.00325997940796 0.996740020592
0.998248091696 0.00175190830438
0.998680774508 0.0013192254918
0.99999999696 3.03961521873e-09
0.985931256538 0.0140687434619
0.0247401089217 0.975259891078
0.955520394004 0.0444796059959
0.559986782174 0.440013217826
0.840167282739 0.159832717261
0.480595690588 0.519404309412
0.271458065729 0.728541934271
0.0163176965029 0.983682303497
0.0457125032389 0.954287496761
0.224767399024 0.775232600976
0.998711454168 0.00128854583198
0.275436556968 0.724563443032
0.705038387187 0.294961612813
0.892311555103 0.107688444897
0.506072967748 0.493927032252
0.819004787848 0.180995212152
0.741396109389 0.258603890611
0.999999987018 1.2982422878e-08
0.605410463742 0.394589536258
0.368167557209 0.631832442791
0.999999828111 1.71889368954e-07
0.158060392857 0.841939607143
0.993816058913 0.00618394108726
0.992676596517 0.00732340348284
0.0146321415307 0.985367858469
0.68307720949 0.31692279051
0.999999960766 3.92336240131e-08
0.304172256326 0.695827743674
0.251719477325 0.748280522675
0.651546853985 0.348453146015
0.00810004391412 0.991899956086
0.11854601456 0.88145398544
0.241068711859 0.758931288141
0.998540388348 0.00145961165237
0.0247401089217 0.975259891078
0.00121872628171 0.998781273718
0.20174603206 0.79825396794
0.042626782948 0.957373217052
0.141622109356 0.858377890644
0.949102010871 0.0508979891293
0.144304733759 0.855695266241
0.00666643626702 0.993333563733
0.474177570338 0.525822429662
0.999928959165 7.10408346705e-05
0.0325860537363 0.967413946264
0.44262972076 0.55737027924
0.22453046275 0.77546953725
0.747489502266 0.252510497734
0.339689219126 0.660310780874
0.983442573132 0.016557426868
0.955637022286 0.0443629777144
0.551530464548 0.448469535452
0.0697631245368 0.930236875463
0.933640510474 0.066359489526
0.349783184111 0.650216815889
0.141956328453 0.858043671547
0.20174603206 0.79825396794
0.20965168769 0.79034831231
0.805588489195 0.194411510805
0.121777399002 0.878222600998
0.442857516267 0.557142483733
0.00104021297874 0.998959787021
0.0409947111259 0.959005288874
0.0070074519059 0.992992548094
0.703434858016 0.296565141984
0.206736780076 0.793263219924
0.299023054764 0.700976945236
0.309342861284 0.690657138716
0.995791180912 0.0042088190881
0.999995577712 4.42228770277e-06
0.94647546708 0.0535245329197
0.349783184111 0.650216815889
0.998057107812 0.00194289218799
0.002221826889 0.997778173111
0.00371037872183 0.996289621278
0.114460188851 0.885539811149
0.6969626787 0.3030373213
0.990451800903 0.00954819909742
0.143641935173 0.856358064827
0.999962571447 3.74285533043e-05
0.116698823405 0.883301176595
0.998871348529 0.00112865147079
0.0256252324617 0.974374767538
0.495269399948 0.504730600052
0.186913077177 0.813086922823
0.0148328355366 0.985167164463
0.998949745655 0.00105025434533
0.0346313346927 0.965368665307
0.169392874534 0.830607125466
0.260162281906 0.739837718094
0.00626627243549 0.993733727565
0.00202069399085 0.997979306009
0.0224519345852 0.977548065415
0.7019774574 0.2980225426
0.148264769578 0.851735230422
0.882024055264 0.117975944736
0.0310013198697 0.96899868013
0.368167557209 0.631832442791
0.0940315760875 0.905968423912
0.365821812737 0.634178187263
0.263098726466 0.736901273534
0.98561361286 0.0143863871404
0.000263427725564 0.999736572274
0.999998648637 1.35136304398e-06
0.698445694052 0.301554305948
0.880325156801 0.119674843199
0.732242856859 0.267757143141
0.89878680161 0.10121319839
0.0263487127739 0.973651287226
0.353202129282 0.646797870718
0.812247598514 0.187752401486
0.0587202102318 0.941279789768
0.710782633486 0.289217366514
0.280006680359 0.719993319641
0.00325997940796 0.996740020592
0.83669414185 0.16330585815
0.772252996917 0.227747003083
0.0182368945086 0.981763105491
0.0123245648332 0.987675435167
0.405465147248 0.594534852752
0.845530580354 0.154469419646
0.0482669651029 0.951733034897
0.593869345571 0.406130654429
0.0188953704148 0.981104629585
0.702548606202 0.297451393798
0.588929873185 0.411070126815
0.970825967327 0.0291740326732
0.545242473038 0.454757526962
0.0176717393376 0.982328260662
0.249784499828 0.750215500172
0.740802083222 0.259197916778
0.514524372034 0.485475627966
0.774737373431 0.225262626569
0.687370083082 0.312629916918
0.99972918046 0.000270819539755
0.862704600862 0.137295399138
0.656329182221 0.343670817779
0.0327932623505 0.96720673765
0.0366015868421 0.963398413158
0.423362849693 0.576637150307
0.368167557209 0.631832442791
0.0164462217259 0.983553778274
0.971576122511 0.0284238774889
0.780102737211 0.219897262789
0.897148344056 0.102851655944
0.0344040463244 0.965595953676
0.90758963927 0.0924103607303
0.0791374252426 0.920862574757
0.805339705263 0.194660294737
0.0828232875854 0.917176712415
0.765981874254 0.234018125746
0.0706232707839 0.929376729216
0.116571402194 0.883428597806
0.512916404652 0.487083595348
0.97186706496 0.0281329350396
0.0533721962397 0.94662780376
0.7019774574 0.2980225426
0.0256252324617 0.974374767538
0.884052715316 0.115947284684
0.709757626551 0.290242373449
0.0291940167052 0.970805983295
0.327188680846 0.672811319154
0.294815841054 0.705184158946
0.99784413274 0.00215586725958
0.0743537015043 0.925646298496
0.00774136722076 0.992258632779
0.290891947049 0.709108052951
0.0940315760875 0.905968423912
0.00792016384196 0.992079836158
0.984143852026 0.0158561479735
0.654486164241 0.345513835759
0.00810004391412 0.991899956086
0.000776571372698 0.999223428627
0.20850877883 0.79149122117
0.955520394004 0.0444796059959
0.999995269392 4.73060841762e-06
0.989703168544 0.0102968314558
0.112040467051 0.887959532949
0.102884568733 0.897115431267
0.154999767459 0.845000232541
0.00816128246709 0.991838717533
0.682230794633 0.317769205367
0.0257051134761 0.974294886524
0.729806646854 0.270193353146
0.765981874254 0.234018125746
0.229751341547 0.770248658453
0.00140691371456 0.998593086285
0.0509168078578 0.949083192142
0.329923214786 0.670076785214
0.921676923852 0.0783230761477
0.844986680909 0.155013319091
0.90758963927 0.0924103607303
0.999999994234 5.76599133604e-09
0.829944533345 0.170055466655
0.0936326701905 0.90636732981
0.96966410337 0.0303358966303
0.282798636586 0.717201363414
0.567659234557 0.432340765443
0.539359528051 0.460640471949
0.142500593139 0.857499406861
0.121159358331 0.878840641669
0.973311520085 0.0266884799153
0.497840867008 0.502159132992
0.357267071431 0.642732928569
0.000637586196518 0.999362413803
0.064528145678 0.935471854322
0.999970987167 2.90128334787e-05
0.0973763680103 0.90262363199
0.0966729455806 0.903327054419
8.22796148413e-06 0.999991772039
0.669811067552 0.330188932448
0.0340550083318 0.965944991668
0.999995269392 4.73060841762e-06
0.000169930720697 0.999830069279
0.687370083082 0.312629916918
0.0327932623505 0.96720673765
0.999901769913 9.82300867165e-05
0.497840867008 0.502159132992
0.741396109389 0.258603890611
0.0148328355366 0.985167164463
0.0957501683947 0.904249831605
0.816472221943 0.183527778057
0.319831049448 0.680168950552
0.0236153870625 0.976384612938
0.993159446559 0.00684055344065
0.913148899025 0.0868511009753
0.571032077916 0.428967922084
0.631999659274 0.368000340726
0.0762279121203 0.92377208788
0.000170418743554 0.999829581256
0.0848186332823 0.915181366718
0.129612352458 0.870387647542
0.701003612908 0.298996387092
3.98315420787e-05 0.999960168458
0.517195681612 0.482804318388
0.81358875982 0.18641124018
0.753916867082 0.246083132918
0.00263396135068 0.997366038649
0.00529520050181 0.994704799498
0.00626627243549 0.993733727565
0.0192121539997 0.980787846
0.0925443506127 0.907455649387
0.0637343238168 0.936265676183
0.999970987167 2.90128334787e-05
0.111875436713 0.888124563287
0.185212076975 0.814787923025
0.000256340505429 0.999743659495
0.999999919234 8.07659472964e-08
0.0616308522364 0.938369147764
0.00979527949205 0.990204720508
0.00380401265855 0.996195987341
0.949633704572 0.0503662954283
0.0773213349808 0.922678665019
0.00746208551169 0.992537914488
0.0941100128508 0.905889987149
0.0273324278866 0.972667572113
0.0130537974971 0.986946202503
0.00660079511271 0.993399204887
0.00810004391412 0.991899956086
0.329923214786 0.670076785214
0.0324560210188 0.967543978981
0.00128954111407 0.998710458886
2.56823919363e-05 0.999974317608
0.0491272176167 0.950872782383
0.00014185510777 0.999858144892
0.00558752372233 0.994412476278
0.000346684364071 0.999653315636
0.000527356318512 0.999472643681
0.501380764545 0.498619235455
0.00810004391412 0.991899956086
0.00252046866199 0.997479531338
0.00092254556007 0.99907745444
0.0163762430811 0.983623756919
0.00070186952204 0.999298130478
0.00153159885835 0.998468401142
1.68322054481e-08 0.999999983168
0.00251181391443 0.997488186086
0.0048514230017 0.995148576998
0.0019135432547 0.998086456745
0.000401834593438 0.999598165407
5.68343243152e-23 1.0
0.00687972515856 0.993120274841
4.38070544849e-05 0.999956192946
0.00173564399929 0.998264356001
0.0110797024198 0.98892029758
8.8301493018e-06 0.999991169851
0.043961472323 0.956038527677
5.90231884493e-05 0.999940976812
0.032505599998 0.967494400002
3.2973364816e-06 0.999996702664
0.0097791501813 0.990220849819
0.00350739811292 0.996492601887
5.44522778254e-05 0.999945547722
0.00549518072842 0.994504819272
