2.9385321243e-07
5.10702591328e-15
3.7039156493e-06
5.62355318312e-06
0.997616516369
4.29332429849e-05
1.06914277431e-09
7.43494093292e-07
1.33226762955e-14
0.000123699721517
5.48542770703e-05
1.08985220848e-09
7.69030500392e-08
1.34581235045e-12
1.68370915099e-07
0.00012505450886
3.06756610085e-05
0.000974979334377
6.84124319195e-07
0.0
5.85200776726e-11
1.10998765734e-10
0.000669486563914
3.07835373803e-06
8.04023514434e-13
0.990304662053
1.30340183091e-11
0.0258014737289
6.79079015242e-12
2.84307620779e-08
1.105268288e-08
1.4377981028e-09
0.275689678077
3.1582212956e-08
1.40410093175e-05
0.000132456708665
4.20852883654e-08
2.74745115547e-10
0.0
0.0
0.0129402398969
2.18262297125e-10
0.902180470675
6.49219669135e-08
0.0143587376721
5.40809397265e-10
1.55431223448e-15
0.00184132503185
2.99834601591e-10
9.35461741403e-09
0.956209732228
0.006005348137
0.999997985273
0.956502522504
0.00113452986899
0.0070736366994
0.171432441728
0.000161815181296
0.00300896211405
0.73376345458
0.533146047307
0.999997968541
0.96699942286
5.52645246343e-07
2.44249065418e-15
0.99943474692
0.000148227896728
0.79535428711
5.92312421333e-10
1.91007654138e-09
3.83348863764e-09
0.00078050108532
8.10434830356e-10
6.15689721428e-11
2.19824158876e-14
2.12623536e-07
0.0
2.04848804586e-10
3.34441363492e-11
4.3425909381e-05
0.00121456287673
3.21964677141e-14
0.00918705539362
0.0
4.08681377628e-09
0.000266756466892
1.21869258805e-05
0.000959275782283
2.94695736258e-07
0.0
2.66784295211e-07
0.0185964759372
2.48558962301e-08
7.37106548021e-08
8.94954195196e-08
1.78019314812e-06
5.68434188608e-14
2.03630068663e-06
0.958300661146
3.86053988777e-09
0.000789457711296
0.000495406325007
0.717780282779
2.69855702991e-05
0.674340395846
0.000160142004386
1.18874753995e-05
0.0027478660207
3.79431683784e-06
0.00178398828118
0.851872890923
0.00212028781202
7.6070394428e-10
2.06969996697e-11
0.387597288973
0.0928291286036
0.876819925072
4.11075307127e-09
0.996144147426
0.987030891966
0.999774052698
1.4653355753e-05
0.0138974979496
2.29061396628e-07
0.00070777324581
0.000841075712796
0.0942357932361
5.67863978296e-05
6.40897369619e-08
0.0155130045242
0.00251315126112
0.0389967371472
0.975555990914
0.997785367331
0.0762495199058
1.5575432355e-07
3.35782224248e-09
0.00700280214849
0.997975021497
1.42108547152e-14
0.00864627351386
0.0248451699584
0.000347904482731
1.64720503903e-09
0.0580440789345
3.40649064512e-10
0.562450285852
6.82721262579e-05
5.285905047e-11
0.000136972332462
1.07357379753e-06
2.24236185176e-11
0.0165337116715
0.000102311210722
0.056410763084
9.76530702079e-06
0.000104703235182
0.999999996242
9.28190857508e-11
0.00254605443127
0.000609611328852
0.624361642189
6.21094708997e-09
0.999893216115
5.59476909245e-11
1.93107294104e-05
0.000314876756247
5.41356670825e-07
8.77827508794e-07
0.529712876929
0.0271045788392
0.102745614868
0.0
0.00257260590619
0.000669627371409
0.000260899868489
9.33306087969e-09
1.56513868532e-09
7.13782588591e-10
2.84203149581e-06
0.0152784764715
3.02999847435e-11
0.737231785656
0.999713582887
7.60329750271e-08
0.989349759266
5.99564842219e-12
0.998489874806
0.999957095984
2.8226065929e-10
3.09210096416e-08
0.0251505192893
4.80641587814e-05
0.0133513056843
2.14229953777e-08
2.72826206071e-12
1.92697941936e-05
0.94427796782
0.560597151817
0.998953333562
0.999999982461
1.160301214e-07
0.000487198709777
0.0473167337194
1.99658558242e-07
1.08738051239e-05
0.00016634758922
8.881784197e-16
0.0
0.0
0.0147965814789
0.00859723614518
1.23242749339e-10
1.73731728681e-05
1.38161006857e-07
0.0
6.91895541716e-06
0.602129789501
0.00835999476397
0.879187617771
0.00135690723338
0.00027237044565
6.00960795905e-07
3.90909526971e-12
0.995756672557
0.860608787196
6.23744972783e-07
1.95399252334e-14
4.93649565669e-11
5.00076192678e-08
4.60415072054e-05
5.41005215676e-05
5.0146915509e-09
2.32175833004e-07
0.519151014397
4.20898606213e-06
0.963295139961
0.00975598184817
0.999999999986
1.0
0.0573506254428
0.866428603678
8.11022415892e-09
1.70641722974e-10
0.00731193935448
1.06726112437e-06
0.0761609884466
1.55011191161e-06
2.17289897964e-07
1.7394626145e-06
0.000874599751083
4.07332753882e-06
0.00900622236291
0.0105085158187
0.00517144913002
0.999999999769
0.0
0.0
6.04316596764e-12
2.48229579114e-08
3.87782916889e-08
1.47911516835e-06
9.621396313e-08
6.02198069188e-10
4.07604308528e-07
0.292484484131
1.31164544593e-05
3.34499230559e-06
0.665385629219
4.10671496809e-12
0.000526967440461
0.0144397697961
9.38874234357e-07
0.999998865687
0.508097023192
0.877956891927
1.24344978758e-14
0.00355189775097
0.00916667997517
2.81996648255e-13
0.053719010463
0.0
3.20634629958e-11
1.08131484877e-08
0.00423059079487
0.982139213388
2.96877688299e-06
1.16103615611e-09
0.00148507400661
1.41661533504e-07
1.24089482356e-07
1.06581410364e-14
0.00448392964312
0.999999911596
2.06346051357e-12
3.77475828373e-15
3.9292213927e-10
1.02140518266e-13
0.996238866066
0.344312342194
4.65525131854e-06
1.04358730568e-06
0.0
0.999977868098
0.975176940932
6.45179082814e-06
0.99995357725
0.999999981134
0.363533111784
0.34581230003
0.00197030343956
0.964323364181
4.57360149753e-10
3.35724781308e-11
7.19646564562e-12
0.0205263558957
1.7905765759e-10
0.10673351157
1.80928621804e-05
0.000111587468871
0.0155697627508
0.715186366012
0.0381010315906
9.82310899289e-10
0.000287087699853
0.419337354409
0.267904409904
0.0
0.00225729908961
5.35847940619e-06
0.104785651054
3.29528793175e-06
3.04407477003e-09
0.613568923905
4.29604796182e-10
1.20174981078e-11
1.11866677521e-06
6.37364559941e-06
8.97623564367e-09
1.19173394686e-06
6.58393422892e-07
0.00841799111121
0.0002625604769
0.68808042492
0.697235602482
3.27428306327e-05
0.0152887396419
1.30710797741e-09
0.000977511350485
2.9316881589e-08
1.00763841715e-12
0.0
3.87665901391e-06
8.4354745411e-13
4.66293670343e-15
0.0
0.999550982743
0.0962411022307
0.033621042462
0.57090953164
0.223842504309
0.00938383638094
0.0220564622228
0.0271015439275
0.971801005409
0.951433679278
0.000922929231709
0.464187506299
0.0516539799481
0.527315024341
0.123025555523
0.91921773425
5.40971783658e-06
4.50365665865e-05
1.266498737e-07
0.0541012953088
0.0258571840909
1.51903090422e-05
0.0770057638646
4.76284310769e-07
2.76754175133e-11
0.973056723229
1.93236204988e-05
0.0
8.07371947076e-11
0.00703289079483
3.43901146449e-08
6.67271919519e-06
0.00275374425096
0.0
0.0
3.56129724599e-08
0.99999787389
0.982075390821
1.11248121826e-10
9.69869372591e-08
0.923992968713
2.22044604925e-16
0.00179186716688
5.58284085628e-10
2.89235302375e-12
2.4392134377e-05
0.906506169392
0.999832385831
4.95074497797e-06
2.13305398797e-05
0.889679088121
0.00772064688137
8.75710678749e-06
0.999904542465
1.08877151739e-09
5.10702591328e-15
2.41407759449e-07
6.20595430489e-07
0.0199806512365
3.33249206008e-10
3.56066213403e-07
9.45753222625e-07
2.22044604925e-16
0.999999999794
0.999999999995
0.000517833133019
0.675721016296
0.986421658879
1.20284872063e-08
1.41862868452e-07
5.05156690922e-08
0.000824353323189
0.00495464294633
1.13471302354e-08
4.73946992763e-09
0.996835491728
4.83609968849e-07
0.265305016478
1.81765249219e-06
0.0247801709433
0.00105302900004
0.000731854189062
0.000606427895323
0.999999951356
5.48977725312e-06
0.0315069239293
0.000530355746609
0.475595505195
9.88254477772e-05
0.00115571922072
2.10942374679e-13
0.0507796035632
4.98467933596e-12
0.0
1.59205981731e-13
1.9143717167e-08
2.44855691278e-10
7.19944636129e-08
0.00042414222984
1.04783071109e-10
9.04565655713e-09
6.49428802846e-07
2.76715374836e-07
5.92145393556e-05
2.03163501844e-06
0.000739670553613
1.70974345792e-14
8.62310456373e-09
8.2822637637e-14
1.21902488104e-12
6.91979806788e-12
1.67155178588e-12
4.57170013701e-06
4.70068428626e-12
0.000110708630534
1.87138837759e-09
2.05250463292e-08
0.000137831414521
0.00130995170303
4.90615996953e-05
1.21927866914e-07
4.82744378139e-07
5.60339523337e-06
3.45721673511e-10
6.01631233721e-09
0.00106921373406
0.999865030394
9.63673585375e-14
0.00115731639891
0.990829337893
2.33937766425e-06
2.85511614351e-11
0.000265795633929
0.115705161816
0.0563469334724
9.60953094875e-10
4.66293670343e-15
1.19929399744e-10
1.93821482349e-05
3.8855845208e-09
5.83455592162e-06
1.08414632827e-09
1.34624642312e-05
0.0
3.43672937886e-08
0.00015470849258
0.94123275889
7.77156117238e-15
0.999901952096
1.5749072152e-06
2.7591262608e-12
1.10641495965e-10
6.75886213664e-09
1.3335332838e-11
8.94590879152e-09
8.68391096809e-08
2.09928575347e-05
0.000119805222975
0.15163470609
2.43371989228e-11
4.22484847107e-09
1.77855139838e-07
0.974301897666
0.00579541789064
3.46853413768e-08
0.0309454959149
2.08730810414e-11
0.0
