7.07668741371
8.26534786655
4.90561791823
3.75145124792
5.7699658471
8.5831379576
5.43684764419
6.60539053087
7.8499174967
5.18974517221
7.52826567071
7.73176688757
6.38987479959
8.31658251934
4.43699737598
4.19680191639
6.39545730603
5.47221310601
4.53219197273
9.86476858593
8.78123808956
7.81653810844
5.5987012402
6.32923488812
9.07032361678
6.18283352138
6.23632656836
7.30350156537
8.74913008929
6.64924389223
7.49896115052
6.75681255832
6.59506573814
7.80042783753
4.05904293869
3.78646889014
7.00361258424
9.09216829333
9.46510164972
7.55867005304
5.6228379596
8.08670864174
8.38636378894
6.1861710494
3.97187618466
12.3463317051
9.32225887592
6.12581796004
8.2558871727
8.99713361804
4.47492377495
7.32861381677
6.522516079
11.2434617504
6.66577873165
4.71582798391
8.12865743699
6.73351304624
5.90118056826
5.5433667077
5.98472851985
7.69102109299
6.2611915521
9.91943985051
6.09222445161
6.09465431692
4.78021986811
5.75447949388
6.32040897785
5.45967206107
7.6104029169
6.10115276154
6.19930403163
6.24385216513
6.62723790377
6.29563948499
8.47564610726
6.88293121441
6.7948961029
5.20506903635
10.0081866721
7.90190614784
5.71908187092
9.39169424295
5.8168199363
5.15572873352
6.9725657761
7.10534959039
5.53729342959
6.29536620196
7.14091196127
5.29824100633
10.3071420946
7.67498082316
8.06862765587
8.08008730175
13.2909908164
7.76341284707
4.72578752829
8.61798877898
6.06282720661
5.49848525049
6.14781475102
5.30386274029
5.01454205422
6.85980401169
5.41528824967
3.67728809687
6.57000389405
5.77849751426
6.47828119433
5.60498916794
5.92730252422
6.57535920591
5.87049251269
4.0926606984
5.31997358698
7.12591316661
8.23032681752
6.86772639011
6.59570334672
7.19131191269
5.92232819897
6.705056808
6.77345479928
4.53373333483
5.34009045773
5.4466130896
4.31662204612
4.0558978168
3.92181461327
6.56612041681
7.26922236526
5.26102379189
5.8185736066
5.69347952462
7.28855060132
4.88991084278
6.30540754803
5.53485990039
3.80831141326
4.90045198777
5.09180391014
8.58510093497
4.40214766223
7.029917292
5.60031686361
6.2954722188
5.01691818301
5.86653135219
6.31523894532
7.28369286852
5.40632821648
4.43954113896
5.64101127139
5.63980275706
4.58082996319
6.60402947069
7.38922373515
4.90609133284
4.00537297058
2.80685323452
10.5224941776
4.49267814811
8.28827457993
4.04549056355
4.45969876837
4.93097725719
7.44280017252
4.96850169466
5.17833720619
5.58562800398
10.4189508857
4.90694870773
5.40113042242
4.20965780203
7.60990993489
5.60372442737
8.54529452269
8.46682278444
4.94390050418
8.21023781243
5.55788767645
5.90496010341
8.63344665665
6.88475778563
7.44417654482
4.56869925494
5.61867086929
5.55990850004
5.35619317351
4.55754925558
6.66708646997
7.75930389625
7.87663337309
7.98548680903
8.90541503458
5.41360872005
4.13683038206
9.06821596608
6.94347801368
8.48085620368
4.85551669626
3.97982145994
7.85722100388
8.27657018551
5.01561211961
5.73491245015
6.16778706133
11.1015757567
5.53598014033
4.57230843514
6.18516615661
6.63120530377
5.09011136142
9.51548052717
6.37099995396
6.35609977636
4.32628725135
4.59138482375
6.2854261415
6.62034161071
3.99860807489
5.78144919826
7.4286328336
4.37016422501
7.19261874232
7.87916385729
10.6460199683
6.18523852074
5.5503193068
5.2974705506
6.55634240104
8.35003707593
5.8735362954
5.35014615443
8.26338484181
7.0056338471
5.94013208588
9.85891962553
4.5466195694
7.03718288757
5.56140220884
6.1222536512
6.48567518627
6.02346280438
4.65724189736
8.93099089205
4.67616670087
5.19104198621
6.70060558443
5.8288633239
5.54981156848
3.88224490364
6.22546235369
6.97734820906
6.79216917492
9.85061020596
6.61389849289
7.85751288137
4.88884085774
5.91193976038
5.29717575051
7.47129697007
7.56923793612
7.0380005443
4.42013006244
5.7483242476
4.49778895411
6.40580285771
4.55290894802
5.23885597337
7.41219658299
5.21632864336
5.04505395271
7.44370692959
7.76224811777
4.65512953418
4.49768146633
9.2353410147
3.79783328853
6.55209116614
10.0386952248
7.23936842664
5.82701157065
5.33166898689
6.46358170453
7.02757886599
5.22910857603
7.00663976748
7.68893587015
10.0488697312
3.2701549213
7.16858591094
7.01171168514
11.1739200761
8.94199837428
6.95381548431
6.30857311897
6.25141718187
6.59564239364
6.00983758958
8.80337850707
7.86788870465
5.58729536274
7.98779817349
4.81572141746
7.60064798999
5.80101395656
7.55525924708
5.95601161968
3.59243240138
6.8370734434
6.64780320462
7.13249134594
5.28449309727
5.70481442327
5.93384676629
8.65207354848
5.8732923726
7.3400712308
3.97341210001
7.25944107049
7.29387279491
4.14868621087
4.80399318769
5.94198354622
10.7740075757
5.73954062384
5.11645775032
5.13985307359
9.67709395521
6.29247084884
4.22629494313
5.764558031
8.11577114721
6.22191698238
7.2079364776
5.19112602552
6.53794968506
6.43849395489
8.11089365068
7.21535292984
4.64732139085
5.39089421277
7.51381297604
3.88132423799
9.93134520717
5.55889648136
5.24597970573
7.27167728268
7.70862130874
7.14719523725
5.8809285507
4.40966741019
10.9458138127
6.90359700718
6.01193812197
6.36608440055
4.84418360933
4.35762729401
7.5540312199
5.79025048916
4.01063720467
6.55694273942
5.03439950589
6.09268745266
5.97252815568
4.82237419932
6.97428317835
8.3119082674
8.34257917868
7.75808567373
5.79258002886
6.498293516
4.37410676467
6.61642847957
5.04013908795
5.71339768309
5.20319989463
8.86955258307
5.57741650532
6.32179034835
8.69660557237
6.46625595622
5.48374699984
6.68275996056
6.11206800981
4.48896396625
9.34380463049
9.49978065766
8.11514270707
6.04380581192
4.06982277909
7.39516670196
5.2111583943
4.94108945898
8.77867838673
6.12565235701
5.61096083823
6.98605718494
5.63580401135
4.09821537113
8.75585662405
4.14586892745
7.08273440762
5.79007904189
6.62010343206
6.58321813331
10.2047330614
7.09798653152
10.9996327254
5.36947093992
6.3526538346
6.20243207859
7.55738640414
3.68258770183
5.19579036149
10.0352679966
7.56074804561
7.11971420412
3.75763465914
5.73214721141
5.8365154856
7.57269367409
6.0458622009
6.79745311312
4.56669044503
5.03811545883
4.77397476329
8.51721310783
5.62232043767
7.52985715376
6.13290602726
9.49444378576
4.59458902081
5.44930215521
5.62073082932
10.1848127681
6.13666226596
9.02905484802
6.77235480361
5.81001787816
8.19877505486
6.09817457569
5.35091429446
7.98122073588
7.59462778942
8.2977589452
8.81378261001
7.63722828325
6.22673731405
6.58447413574
9.57283131999
6.27799923395
5.46485538022
6.02327303968
4.94793162844
8.34053638276
4.80733563566
8.91583869675
5.55632932624
7.50384810544
6.78752868091
9.33555326478
5.81221567747
6.31171094965
9.07934151275
5.44946700909
7.55810636776
4.29176949074
5.21347593174
5.10225920043
4.50444162609
3.53628541949
6.3669706345
6.61080771486
6.00413455102
4.69945973993
8.71181120667
6.35851743212
6.67205544403
2.00987586182
6.70173902801
3.54942853038
10.4797167977
5.49925730593
5.16374725282
6.27527182338
4.33304725092
6.17286368656
5.5715806783
7.78151094413
6.58299804485
4.98183807372
6.48605262423
6.27964893328
11.7268471234
7.41354007921
8.2411894523
6.85144315431
8.39493997223
8.16771785436
7.89339096165
6.03819531521
6.64133531369
6.69112473436
5.92852635311
5.91659667004
4.40364390267
6.01649633315
6.75710508252
7.27040101509
5.26522637928
4.1336631465
9.77387668271
6.29659241436
6.26224289931
4.59591774268
7.64159573396
8.02624800275
6.46847508027
8.07130152146
4.17915937561
