8.24680648466
5.46860297608
4.10100128246
8.37173230359
12.5790144929
11.167598792
9.67557490701
10.8059348555
2.39050282276
5.68298172357
6.10784860546
6.88692421913
5.25419200058
8.88201667049
11.7813460464
5.4560008983
5.06951315225
10.3221141627
7.40285789695
8.18597502204
5.43374090839
7.32604445857
8.62545150482
6.73935465196
5.64226165661
4.84313340008
8.84314785807
10.2245065758
7.36526265877
8.18800646034
7.2969159709
4.61157973096
7.08261502094
12.5644740106
8.05775729589
3.88517881758
8.56910075835
6.43450343195
4.40895355668
5.32647060796
13.7773028609
5.25129997927
9.32788541262
7.86607388495
2.1267718378
10.2996402451
6.02256982727
3.47444544619
5.68294833785
4.51758914589
9.0126946227
5.02257470735
4.48634545851
7.67852729986
4.34968324915
5.70757031009
5.42245031333
6.80847728916
7.9681917865
5.46710960265
6.39325821566
6.15970049429
5.48033273439
7.79615583457
6.88478616583
7.97471883295
6.31907698929
9.27701141802
5.58198211328
6.71701445845
10.1356196811
9.89844038348
5.21054890019
5.21617159302
10.6543195858
9.47357190711
9.30011713735
6.55681607307
6.84706459384
6.01480355128
9.95725434252
6.38684422844
11.2763379122
10.894570151
7.90874031546
9.13456482735
7.53355260796
5.01152710048
7.67661065691
11.5772894367
7.65061466211
7.74997571497
10.307139125
13.1663696544
5.9881400144
2.94602975955
6.32095920605
5.32794426856
5.60615180408
7.2899041196
6.92826371043
5.77526143052
6.49446071777
7.30030116743
13.0170727825
10.6543195858
7.44189178747
9.41602335529
5.07425687602
5.46008600718
8.85688608276
8.86653542305
9.35837519597
10.7895383337
10.0123771064
4.96408823498
8.35708836721
9.78806186796
5.5981669228
7.86813655728
5.15086628453
10.7203516315
7.98116530295
4.01106072383
6.47004645913
6.0939561228
5.82623144888
4.5870909324
5.3291720451
8.73905523126
6.52490714912
5.0242821813
6.4479580686
6.68891485748
3.84332475968
5.3465317376
11.2004602177
4.22305245446
6.40327149498
6.05837321382
5.62549720775
5.80184891292
4.44948659165
13.0507523703
5.60274134099
4.45718045529
6.06578713819
10.2776460095
9.20558310458
8.26908438027
7.76131603256
9.10464127226
6.94679352538
5.94418677478
8.07943580797
8.60492309143
6.36549362102
5.82948595388
7.24758418626
6.29288552289
7.25121157472
5.65572069956
7.42545390539
4.94980194651
11.4928737762
9.94102848744
7.05946306211
8.83275486047
4.33795254668
7.00121802425
3.76903745714
9.90234928337
5.94574317856
10.7288402586
6.04453796816
7.26503056997
5.6640511011
4.0071687664
6.79535629155
5.46610099061
4.58791554903
4.41861221202
5.11227869369
8.45838715499
7.50848609989
4.50402312767
8.86473144413
6.90660061678
4.71471664919
7.48461078031
3.68588619681
7.54998796966
5.34304741174
10.1060377371
7.63890206862
7.91412023033
5.3478245547
6.9408826479
5.78468756476
5.48830471217
5.01867865191
4.73408602485
5.86820177393
5.40633236897
7.70607957549
5.03723368238
5.58949462367
2.91050273583
10.135653938
9.58321580068
10.7757803872
7.25823981177
8.3506158327
8.36686923023
7.57031815449
10.2881456344
10.8745859556
10.1428908536
9.96495445838
8.02100685467
10.6134380902
7.49581692745
9.60867840418
8.90656608736
5.25265198458
5.58003733032
7.11026290967
7.79975705731
9.72071665443
6.42924572029
5.70591744631
8.87848985562
7.90690040947
6.27647305753
8.40988662233
7.65825510624
11.3789059422
7.05332348332
7.32853695927
6.09871590294
6.34793119692
9.12610068122
6.17819810174
11.4135127664
10.5373439518
9.53061366193
6.08370123575
10.3875832841
4.71253351548
6.57862799121
4.77891603776
6.81221604633
5.25307442223
8.55327893589
7.58312207078
7.65738861825
9.63719092911
7.85930702722
5.83425470146
4.04442040378
5.51236208779
6.09479672653
8.02173094192
5.7161870649
8.32500167228
5.00043319721
8.68615320397
7.51454424847
10.3390072562
6.29932393206
7.69592924481
3.86353349813
6.64946098901
7.17914327309
7.34758243102
7.0301171539
11.8191164879
7.28490271574
6.93985609031
6.91830880496
3.88413281533
8.11755637721
7.05624710988
7.93522721629
7.42718529355
7.49580319049
7.80080898002
4.37815107177
5.15463470803
7.24935625073
5.67486020548
11.1734468258
7.13700296381
7.09475496499
8.30869574209
8.52665815522
6.08691885748
12.1878575464
7.77128394618
12.3410220445
8.43783050182
6.34973345802
8.26099982569
6.33636196009
10.9692374925
10.3723736089
9.52516347908
7.1810460884
6.52039367848
13.6063710923
7.78493892973
9.32053473479
10.1660817631
6.67124848829
11.192500551
9.95109147799
10.890061514
4.61500389981
7.48554010949
6.00583277685
13.5878952721
11.3189329803
13.6562858259
8.3553674478
12.1785759428
9.86323689978
12.1263024969
8.4969232957
9.10918170444
8.64449242224
12.8092997257
9.60414482709
7.03849322308
9.8447388211
8.240137502
8.2508839339
9.28499043528
9.74075988695
9.63446238609
7.83466683124
9.28787409017
7.35557785534
7.85245283427
7.19324837476
7.97941724735
4.45729887577
5.23013329708
6.9583510373
9.18974607675
9.04896194455
8.36331647791
6.4551562044
6.74138430399
12.4091016158
9.40764826244
7.96759091509
9.52429296873
6.41227650777
7.96968064665
4.16346207858
9.5204088969
8.34835505613
3.8632965989
4.87093378931
7.80710778297
10.699289752
9.39651594974
7.50900339696
8.1912237212
7.87224595575
6.87596063914
5.97064716655
10.8578743004
5.94281847551
5.32751804322
4.2659053383
7.40049338615
7.60495571046
8.52417332864
6.65564536274
7.71406903964
7.84248894872
6.46043945486
4.26661916582
6.47712917062
5.95102840629
5.03964449287
6.05077714234
5.31774730277
5.83350840859
10.0590310419
8.17871594411
6.45306816804
6.00978133432
5.3682862329
5.69492742708
6.14883773196
5.9173874388
8.77276087035
9.72592347097
8.70758113579
6.1569870791
6.50980114765
8.06810554173
7.41138525409
8.68983065238
6.89007057059
6.59818756401
7.79587546164
6.47735553563
11.9110187146
10.2295065532
9.05685791372
11.5011364606
7.29583223401
7.59764835902
5.26838533748
4.50132902381
4.68360090992
6.35621018114
11.1430054197
9.7106382009
6.91009752623
6.75572497378
9.04598062176
4.26854589323
6.31612015068
7.30919793577
9.02100099473
7.98092086574
7.68071106437
5.73107680646
9.23254354191
10.2279599915
7.21844050428
10.7663022261
8.41465711409
6.22402556085
5.86872093236
6.9088374312
9.03845420493
8.28592084231
6.22012286917
11.0708650584
7.34722280244
3.97247578197
9.66552135055
6.47818132955
4.66339558391
6.14709814784
7.90100821049
12.1481386901
6.16368273345
7.38080298108
6.76889636857
5.41397348159
9.72488858334
6.44041869071
12.1705121252
6.17267324031
8.07081932844
7.88853209412
4.75255253648
6.97469192872
10.9889332717
6.29715047249
9.86815008893
8.97511200525
7.11525882856
6.05268496891
8.75515931132
6.49856503558
3.96346170457
8.40564277722
5.25871244113
6.60274528936
5.41145806134
6.14425251189
7.39843064389
8.35994612922
5.40380343626
4.84638489223
6.03623591521
7.39843064389
8.35994612922
4.64803419553
5.82079098137
10.433661938
7.08113106955
4.5980226985
10.3458667201
5.01545705906
4.98131608579
7.51738437982
8.52193437487
6.9197861377
4.58465849089
7.70076407349
5.83039702114
4.76994383008
9.01967719441
5.49123631371
5.29562589445
6.58085668233
3.6693350349
6.89275159449
4.41355939384
5.05184969989
4.66634553909
8.42703989239
6.3881505305
5.8742586754
4.18346089649
4.34520082778
5.95037153364
4.61115573818
5.16603871631
6.30502499826
5.04884234658
5.7744810023
5.14029017157
9.02926436921
6.14262906975
5.65508003187
4.67289436423
8.21320466505
6.83984992459
4.71828999787
4.59629713826
7.91865135297
5.57575790883
5.13276889617
8.55633499991
4.25026640204
4.01038588311
4.30314753407
5.07433518606
10.3903301269
5.18617956735
8.11032246985
8.11831888154
4.93404474844
6.70788146768
5.71139570551
7.82756359303
7.28489732983
5.0777640271
6.53812267891
4.30521712422
14.2318934919
4.74784774531
8.57331947107
3.17710468404
7.32994756895
6.22640344808
8.24147114286
4.33270857034
5.34477523916
5.90913362944
6.37783350272
5.08895206543
3.91824233333
5.4120535902
7.51342610062
4.47490307747
4.97904374562
8.34688073445
6.55164548305
6.77179317897
6.5479567673
13.3685942553
6.06965883577
5.1910501668
5.89033570261
8.23682854049
6.88010692445
5.60440603624
6.85926400604
7.11559476488
7.02243914625
5.57246301858
5.84093901556
6.06295642155
12.8473984092
11.5295921296
6.25425007273
6.40202667669
12.1962696703
8.26387429203
6.19665389246
4.24158492403
8.73259066036
8.37505970099
4.9525429447
7.31639002867
7.05128381664
5.61976548615
5.67355555405
5.96423289293
13.4491271595
5.4472692487
4.91356438675
5.43552361252
7.2789545232
9.56929008772
5.51737263521
7.45128354065
9.36804781477
7.15656906296
8.08553867228
8.67359111532
10.2710506351
9.75282192709
5.14137435133
5.0387888461
4.6419554176
5.59117407345
5.2003302896
10.1440791877
4.87123951335
5.57666614615
5.33306383198
9.58751413804
8.23277308636
6.19831445
7.42715492546
12.3638177903
6.07781861028
5.69783376645
7.3273240918
4.65157812502
4.95820783626
7.19992729805
5.2209908676
3.710039689
5.78113231482
4.25252364158
4.5380896549
6.71085442693
7.65342824544
8.44551853341
10.1308966697
5.50729735142
12.7183782888
7.56034569835
6.87747786744
5.54804379274
6.79917964267
3.83584612339
5.80778814908
5.44089119678
5.2548444983
10.8086937071
8.0261460627
8.53006756892
7.2300478976
7.74235069979
5.31438914261
4.23897400732
13.1709356204
8.77531056563
7.20659926353
11.185060586
5.61872489605
6.28303277612
6.52398981327
7.55012001159
7.52964471037
4.73649216364
11.3096360457
5.30671355901
5.8117424821
5.23354507741
5.8954519545
8.53470822692
6.54766728549
7.09957490903
5.91041948938
7.59004733874
4.44176071916
5.80508380471
5.96902516175
5.40893713464
7.23443819602
6.38996668111
7.14519451512
9.45581535528
8.8069226286
5.56319398346
7.11442859487
8.52498030626
8.88630485641
6.50278992358
10.2910006176
7.02810547027
8.90049085006
4.08163506252
8.60757178117
5.59128528545
4.4264340563
6.56834309393
5.23679966461
7.35337821608
9.59459973588
9.22093391618
6.41704147111
4.91730237691
5.18471590258
9.09417958364
5.694971937
4.63868603441
8.87188331122
7.22099023364
5.97998947702
5.51420549997
4.54696689123
6.46501994257
8.51900799904
8.16294905708
7.63488766749
5.8963255698
8.75506996642
4.20123302436
6.85135602188
4.1541724263
6.67037638257
6.02860432184
8.84431347777
5.40888098651
5.49309802317
4.93076964767
5.80632925574
9.17139036179
8.72552450205
6.24890351981
5.48274911433
9.67672987644
5.98602974423
5.66853230937
5.32301747501
3.27798905778
9.04681862884
4.3670323015
9.71663961256
3.3257148386
3.92288085156
6.03335773791
7.42319788198
8.46779185242
7.90013931572
4.60482857098
7.64620310948
7.31025296212
7.33450060364
10.0428546761
9.13620081833
7.89093716186
9.89301214486
10.6195787919
6.15411735817
6.8849309011
5.9633378958
9.05340632554
6.80989835338
5.69622444563
5.60088871737
5.13175461226
8.02781475291
3.88063402459
5.66827240159
5.08318844636
9.09338680301
9.1012311649
9.35669889697
14.8136367338
8.54077597418
8.22182314992
8.82867645014
12.4288493454
10.7566495747
9.49758552975
9.00421285106
7.1253987056
5.81017850561
5.77489731627
5.9555176816
6.91407002802
5.76285547131
7.85263569426
5.98388038161
7.69292815365
10.6116925385
5.28785620747
8.19322613847
4.66479393273
4.0295137389
6.37909529134
5.85910119787
6.93783072131
9.76490837112
4.36988881511
3.83486114048
5.15145144419
4.93903407701
5.36024543082
7.51184402195
10.8826169612
6.43361200322
6.71468582692
9.13525583529
4.9423334663
11.4849754478
4.62135516121
10.4188665163
4.91520736152
7.21996797576
12.5259057171
7.0402085221
5.67364008949
8.83738651007
7.15361966082
6.83649322927
6.87027600819
6.70024993724
5.62080973329
5.28648698462
6.32630198673
7.39463239313
5.5853174006
8.73950833238
7.3026417751
10.992459808
11.618330423
5.12881163937
10.3577523791
6.55009412663
10.0186531924
6.66700613184
6.68652845819
7.67757302131
9.86452507228
9.99131756293
7.14951312746
8.94907461522
6.22223675453
5.83788857788
7.89629563147
9.97525981271
10.9529120216
4.78881376748
9.8439946346
7.63223316975
9.72798981613
7.86767495436
7.60293692155
6.13355826242
7.2987071292
4.95068260931
5.52343900383
7.64436192696
7.02223976474
5.46910438893
8.24098626689
5.96463646494
7.01430200204
5.16779173296
11.9820149576
6.01686236969
7.70524535942
7.25275126682
5.68434138201
12.5818141963
3.92330839934
6.93778957171
10.5274299846
4.01632496121
6.32362057793
6.0141538832
8.42449129746
6.57540147832
8.04231466204
12.3416655533
8.06005120939
9.75928356593
6.35827361802
4.65332739951
5.22231348767
8.90980666298
6.83705675992
6.18899283132
13.4196384916
9.29425700777
9.32306050799
8.24149061835
4.22647744962
4.25806544291
8.45936634028
9.32112652142
9.32306050799
6.57030677121
6.30821253005
5.6183594971
11.5200041534
5.07535539439
5.54837191364
9.14985257431
5.31635732078
10.0263369992
8.45989673043
7.94736601653
10.6917108995
11.1221548928
5.85661987661
13.2206832532
10.2151015884
4.09294450242
8.27244153367
8.58669757841
6.15202662499
6.28017919111
5.73480355326
8.21421543442
7.3567445519
5.76712117137
7.44662054361
6.55065838519
7.8546812114
12.2639450366
6.72913045653
7.54138097653
7.59294664296
5.60371902712
5.8321260495
5.33809003742
4.77678248621
6.41471177894
8.87388666712
9.89303813751
4.82369584183
8.73328734265
6.42539331385
6.56426379164
7.1321281144
6.74279992456
8.44651002264
4.66870054973
5.79654654662
8.24888088687
6.76749889144
4.87023823022
3.93547295232
7.97177029416
4.01739911905
11.4122037938
7.30122573646
5.53355792314
6.67520797365
9.26069983192
6.69294257346
6.19975222894
6.94708432185
6.15898935351
5.02688925863
7.43184624489
4.78780991002
6.55894262257
5.78118865249
4.3688487749
6.92938721386
4.63117875501
5.57654558117
7.17000898426
5.84965005198
6.22530490182
6.5180245143
9.87506148466
5.22556900634
6.26197786108
6.40787976981
8.37124511029
5.62782128553
8.47063908725
9.94818778142
12.0236280657
6.75890105507
9.16689525702
7.06210281611
8.59808720399
9.39676178806
6.46904603181
4.26916492043
4.57282687134
3.55868404537
6.77149937547
7.86821468209
6.75301401325
6.62455505602
12.8004170397
10.0297419446
4.3415074258
9.44466885638
5.14979137445
4.84569884132
11.1936456228
5.77479007531
5.18522641854
7.01391580864
5.24937678689
8.84795331379
7.13854897153
10.2103801461
8.67088286402
7.19266920846
4.739363645
4.50852629298
5.72273008146
4.68154139548
4.69087983225
5.41656486569
4.91682924309
5.92225481795
10.7637812744
6.42388635444
8.12860127621
6.10122905067
4.08760870913
6.0017299661
5.20474379855
4.85663411126
5.37228057621
5.22675159385
5.71705970073
6.15822383284
10.1607925952
5.63132330353
8.51741449665
4.1590960048
7.11402538635
5.86902839826
4.53080380648
8.41547016183
5.13508107212
5.92103724214
13.5553752189
5.26756567541
5.57915161379
7.50549243948
9.40806701769
4.48990134624
6.97711707638
5.63062084246
4.52957019698
3.34503183483
5.29798424309
8.12061665721
4.45342428156
8.21823917377
9.26294164332
2.65084298612
5.56544923981
8.4768495417
4.39632185208
5.10770640255
4.81240782251
9.21287811995
8.43192626503
5.16191437735
5.95589842738
3.63876731511
7.10577013905
4.68552040464
6.45563428569
7.83229225301
7.84831747623
4.84155546675
9.36979022875
4.41081445593
9.38105715351
8.89177910704
7.28604558775
7.58216093406
7.48039839286
4.44870536141
7.04742247136
