0.999999954364	4.56362542048e-08
0.999999989502	1.04981235667e-08
0.999979496032	2.05039680449e-05
0.982871359986	0.0171286400137
1.0	6.16333117055e-19
1.0	5.63396642784e-18
0.999999986318	1.36818518837e-08
0.998737798032	0.00126220196784
0.753774545144	0.246225454856
0.999996938726	3.06127353463e-06
0.999999970493	2.95073764393e-08
0.999802137953	0.000197862047328
0.877567419457	0.122432580543
0.999999998596	1.40419030271e-09
0.999999999605	3.94627020446e-10
0.999825549403	0.00017445059715
0.999964560006	3.54399940244e-05
0.999999947558	5.24423826619e-08
0.999994784893	5.21510677282e-06
1.0	2.19742068492e-16
0.999999384423	6.15577016364e-07
0.999999949501	5.04985365318e-08
0.999999607368	3.92631855033e-07
0.999999999748	2.51559559181e-10
0.999999997599	2.40097306679e-09
0.999769091986	0.000230908013635
0.999999999996	3.5337328454e-12
1.0	2.0388925486e-13
0.999999522632	4.77367993582e-07
0.999999999975	2.49775503079e-11
0.999995581775	4.41822537017e-06
0.999719999472	0.000280000527872
0.999999997512	2.48750820871e-09
1.0	5.78107282892e-26
0.999997770739	2.2292612335e-06
0.992716333846	0.00728366615383
0.999999998653	1.34690899064e-09
0.999998024779	1.97522063624e-06
0.915200123169	0.0847998768305
0.99999124433	8.75567018354e-06
0.999999999999	8.20021195036e-13
0.999999985245	1.47546244401e-08
0.999999995496	4.50363912342e-09
0.99999999999	9.92724032418e-12
0.958960760853	0.0410392391469
0.999968503965	3.14960348216e-05
0.999999878161	1.21839280608e-07
0.998146401166	0.00185359883365
0.999912889417	8.71105832107e-05
0.997712967428	0.00228703257207
1.0	1.94606422594e-13
0.999486233244	0.000513766755677
0.999950606909	4.93930913617e-05
0.999999981294	1.87058981654e-08
0.997743487761	0.00225651223879
0.999085734332	0.000914265668026
0.999998869139	1.13086137404e-06
0.999999976966	2.30338272781e-08
0.999963419568	3.6580431673e-05
0.999985908237	1.40917625431e-05
0.999891911042	0.000108088957597
0.999010831975	0.000989168025157
0.999687773015	0.000312226984819
0.999999999971	2.89298685358e-11
0.357841690969	0.642158309031
0.994060113243	0.00593988675748
0.318021802092	0.681978197908
0.999999898613	1.01386680945e-07
0.999967882126	3.21178737867e-05
0.999971844481	2.81555189965e-05
1.0	8.58881588221e-17
0.999995126957	4.87304327596e-06
0.999996902267	3.09773299776e-06
0.999999673914	3.26085850013e-07
1.0	7.30539963177e-18
0.999999984862	1.51383011577e-08
0.999999990678	9.32221024038e-09
0.999837378366	0.000162621634249
0.944920605692	0.0550793943076
0.999999896892	1.03108281222e-07
0.999999999626	3.73709520163e-10
0.999991025978	8.97402219752e-06
0.999987556841	1.24431594203e-05
0.998223025195	0.0017769748048
0.999925999184	7.40008160403e-05
0.023099588999	0.976900411001
0.999877887272	0.000122112727714
0.605285733381	0.394714266619
0.999488843005	0.000511156995233
0.999997606373	2.39362661725e-06
0.985303475331	0.0146965246692
0.999225681299	0.000774318701402
0.999999949699	5.03014381662e-08
1.0	5.04672869775e-15
0.999998719794	1.28020567903e-06
0.999999999086	9.13641695949e-10
0.999999860077	1.39923351466e-07
0.999715615399	0.00028438460134
0.999999991507	8.49289373261e-09
0.999991908163	8.09183700697e-06
0.814301673639	0.185698326361
0.999999879805	1.20194880313e-07
0.999999999639	3.60591537729e-10
0.999914168241	8.58317594625e-05
1.0	2.14580252722e-13
1.0	7.30539963177e-18
0.999999731439	2.68561227589e-07
0.999999989193	1.08069567378e-08
0.990782768995	0.0092172310055
0.999998544906	1.45509375008e-06
0.999999670309	3.29691360214e-07
0.999999862944	1.37056445272e-07
0.999999981576	1.84240423081e-08
1.0	1.41908282159e-14
0.999999790956	2.09043609547e-07
0.993610095123	0.00638990487734
1.0	1.96360321304e-13
0.999999999856	1.44504304403e-10
0.999999999147	8.53323357019e-10
0.999999680797	3.19202956632e-07
0.997967746117	0.00203225388275
0.999982957415	1.70425849578e-05
0.999948769695	5.12303050009e-05
0.969560577536	0.0304394224645
0.999999907301	9.26990491513e-08
0.999972440335	2.75596651118e-05
0.99999643785	3.56214973961e-06
0.99940725835	0.000592741650169
0.775874226871	0.224125773129
0.999999906434	9.35660830327e-08
0.999930349661	6.96503390101e-05
0.999999640253	3.59746807418e-07
0.999912890331	8.71096685797e-05
0.999999962378	3.76219491117e-08
0.999822060543	0.000177939457235
0.999991400401	8.59959947812e-06
1.0	2.88880776745e-16
0.999977643029	2.23569706655e-05
0.999999719617	2.80382860298e-07
0.997660431506	0.00233956849407
0.999991400401	8.59959947812e-06
0.99963188827	0.000368111729674
0.999884707579	0.000115292420772
1.0	4.28681698837e-13
0.999973136457	2.68635431322e-05
0.321669763946	0.678330236054
0.999044428274	0.000955571726132
0.999999999998	1.61834563564e-12
0.999999999632	3.68462969041e-10
0.999980026358	1.99736424537e-05
0.999973057483	2.69425168297e-05
0.999999530237	4.69762891989e-07
0.999999999968	3.22966305903e-11
0.999999502871	4.97128686311e-07
0.999999995124	4.87556401583e-09
0.997917998694	0.00208200130635
0.999991583888	8.41611169259e-06
0.999332093502	0.000667906498159
1.0	1.80809781174e-13
0.999974373393	2.56266067864e-05
0.999999999995	5.32960650541e-12
0.999994728964	5.27103597522e-06
0.999999844344	1.55656425152e-07
0.999975958639	2.40413607587e-05
1.0	3.74777998886e-15
0.999999987977	1.20234762268e-08
0.999919565653	8.04343473393e-05
0.999999999994	5.86415329335e-12
0.999995629477	4.37052271838e-06
0.999626615635	0.000373384365398
0.868006484737	0.131993515263
1.0	7.65884491695e-18
0.999999685016	3.14983513425e-07
0.999999999499	5.01380822162e-10
0.999746177049	0.00025382295125
0.999999730036	2.69963904971e-07
0.996128369928	0.00387163007172
0.999862286467	0.000137713532978
0.999999764827	2.35173224798e-07
0.99999652239	3.47760986241e-06
0.863425137045	0.136574862955
0.993935662838	0.00606433716155
0.999513813848	0.000486186151722
0.999999999977	2.34196335596e-11
0.999999995589	4.41144434697e-09
0.997283556407	0.00271644359309
0.999999997202	2.79841802362e-09
0.391991707511	0.608008292489
0.99993833922	6.16607797392e-05
0.999968554373	3.14456270967e-05
0.999063186994	0.00093681300603
0.999999986005	1.39952977536e-08
0.999999999534	4.65825429765e-10
0.999999999993	7.05377460646e-12
0.9998334669	0.000166533100419
0.999999999956	4.4014204739e-11
0.996226374663	0.00377362533686
0.999999895901	1.0409936108e-07
0.999385543449	0.000614456551387
0.99999918994	8.10060322194e-07
0.99985469157	0.000145308430204
0.991200471861	0.00879952813921
0.0618000952469	0.938199904753
0.998188012526	0.00181198747382
0.999999999986	1.40765719622e-11
0.998353833551	0.00164616644944
0.999975309729	2.46902706851e-05
0.889284290347	0.110715709653
0.999354054818	0.00064594518205
0.00222072845329	0.997779271547
0.999975086781	2.49132187691e-05
0.999999936921	6.30793302953e-08
0.996485621936	0.00351437806374
0.999995331445	4.6685552499e-06
0.999999734145	2.65854672259e-07
0.999999958914	4.10859086837e-08
0.999999998564	1.43625384461e-09
0.999842333765	0.000157666234944
0.999999607727	3.92272581125e-07
0.998482724775	0.00151727522533
0.999999999997	3.01265351114e-12
0.990632685285	0.00936731471501
0.999988634006	1.13659939695e-05
0.999997286502	2.71349769285e-06
0.999996583676	3.4163235802e-06
0.909093882223	0.0909061177771
0.643545763502	0.356454236498
0.999990474814	9.52518607984e-06
1.0	1.12172243793e-16
0.99999853529	1.46470995647e-06
0.999999842446	1.57554440129e-07
0.999999999931	6.88502282878e-11
0.99993643135	6.35686499681e-05
0.991939491848	0.00806050815241
0.999999983871	1.61294031722e-08
0.999999991374	8.62613939141e-09
0.999999892166	1.07834149932e-07
0.999955563915	4.44360847857e-05
0.999999970114	2.98856003331e-08
0.99963601462	0.000363985379497
0.46833297949	0.53166702051
1.0	1.71604224386e-14
0.93043945816	0.0695605418396
1.0	4.60813274821e-16
0.999999784124	2.1587595903e-07
0.999903210116	9.67898842697e-05
0.571258541393	0.428741458607
0.442630597823	0.557369402177
0.935076948447	0.0649230515525
0.443948063546	0.556051936454
0.787653889062	0.212346110938
0.910614394767	0.0893856052334
0.999999958817	4.118266292e-08
0.396721071264	0.603278928736
0.999999998129	1.87108365411e-09
0.998518425247	0.00148157475324
0.999999955973	4.40269814508e-08
0.999995962355	4.03764494467e-06
0.126729409269	0.873270590731
0.999988432096	1.15679041957e-05
0.999992252133	7.74786723319e-06
0.999999638558	3.61441878874e-07
0.999999999969	3.10870296997e-11
0.999999990072	9.92803697513e-09
0.999999998316	1.68390980546e-09
0.999788816312	0.000211183687938
0.992978895833	0.00702110416695
0.997083995105	0.00291600489522
0.999999997274	2.7259975475e-09
0.999999855572	1.4442828437e-07
0.99999999955	4.49989562249e-10
0.997048107082	0.00295189291849
0.99909318816	0.000906811840083
0.999950499075	4.95009252211e-05
0.99999999995	5.04720908127e-11
0.0136440299567	0.986355970043
0.999999981344	1.8655523158e-08
0.999999911446	8.8554035016e-08
0.999952429736	4.75702635013e-05
0.999999184707	8.15292560221e-07
0.100967021128	0.899032978872
0.999999952091	4.79091128718e-08
0.999999958791	4.12093830591e-08
0.999999982784	1.72164358519e-08
0.999702914631	0.000297085369078
0.999999998829	1.17059589202e-09
0.990388500185	0.00961149981483
0.999998091847	1.90815265504e-06
0.999999431066	5.68933527094e-07
0.974769543289	0.0252304567107
0.987406576518	0.0125934234821
0.999999999339	6.61212111571e-10
0.998642008562	0.0013579914379
0.999998844275	1.15572480695e-06
0.999999999927	7.28851131901e-11
0.976127645252	0.023872354748
0.0346232620182	0.965376737982
0.999999997735	2.26511836039e-09
0.997639402529	0.00236059747124
0.999999999991	9.04823562993e-12
1.0	6.13627834243e-14
0.999999996628	3.37193852581e-09
0.999999763163	2.36837436716e-07
0.999999999908	9.24610991079e-11
0.999999999173	8.2725200389e-10
1.0	9.23318991301e-20
0.999319673836	0.000680326164322
0.999999999927	7.25449166696e-11
0.999993372615	6.62738522984e-06
1.0	1.58695295599e-23
0.999999984934	1.50662963059e-08
0.999999563459	4.36540753106e-07
0.999999961513	3.84871646006e-08
0.999999967117	3.28833202926e-08
1.0	2.52581921277e-13
0.986974872838	0.0130251271616
0.999999999995	4.55599437603e-12
0.997582839668	0.00241716033224
0.999999999852	1.47823729974e-10
0.999776738685	0.000223261315441
0.999999999984	1.64154392063e-11
0.00672746584084	0.993272534159
0.999999999987	1.2574613289e-11
0.999237508557	0.000762491443058
0.999999999999	9.52371659333e-13
1.0	1.2463412678e-17
0.999999999999	1.24924310531e-12
0.999999999975	2.49567576204e-11
0.999999993524	6.4757576531e-09
0.999999997221	2.77930202366e-09
0.999999999902	9.7996618137e-11
1.0	2.31465960369e-14
0.999999997947	2.05294628357e-09
0.999970918687	2.9081312729e-05
0.999850402893	0.000149597106814
0.999999999841	1.58682908261e-10
0.999987839134	1.21608663935e-05
0.999999978778	2.12224537916e-08
0.955937952117	0.0440620478828
0.999980854893	1.91451067674e-05
0.999999919298	8.07020417654e-08
0.999988187584	1.18124164665e-05
0.999998363168	1.63683194654e-06
0.9999941197	5.88029998317e-06
0.999999999587	4.13118015646e-10
0.554455259853	0.445544740147
0.997508888722	0.00249111127772
0.999993494784	6.50521580643e-06
0.999981876945	1.81230552661e-05
0.999972984115	2.70158849812e-05
0.999083176526	0.000916823473778
0.999996397502	3.60249763107e-06
0.985436674158	0.014563325842
0.999920617468	7.93825324712e-05
0.999999999831	1.69245061288e-10
0.99992302192	7.6978080431e-05
0.999999990196	9.80413833724e-09
0.99102454667	0.00897545332999
0.403503648882	0.596496351118
0.00877216761671	0.991227832383
0.999999592272	4.07727526469e-07
0.0624096403509	0.937590359649
0.998851004589	0.00114899541149
0.977896340204	0.0221036597958
0.00154493613441	0.998455063866
0.999999395169	6.04830812799e-07
0.273063540823	0.726936459177
0.99999999997	3.04109879482e-11
0.999997974391	2.02560913192e-06
0.999999918847	8.11526731067e-08
0.999999999999	8.75978387579e-13
0.999999993558	6.44202305615e-09
1.0	7.72281268582e-14
0.970227277582	0.0297727224185
0.996755307595	0.00324469240486
0.996016536568	0.00398346343161
0.999999872007	1.27992853605e-07
0.999049587899	0.000950412100895
0.999934570138	6.54298624621e-05
0.99999645164	3.54836005423e-06
0.999999999633	3.6671695132e-10
0.999999999889	1.10694267046e-10
0.999844143555	0.000155856445142
0.905803268626	0.0941967313744
0.999988747743	1.12522572611e-05
0.99985915718	0.000140842819627
0.966626154076	0.0333738459238
0.999999594841	4.05158509103e-07
0.999999928357	7.16433366795e-08
0.999996799371	3.20062899122e-06
1.0	1.61996568436e-15
0.999818408957	0.000181591042599
0.999988463956	1.15360442981e-05
0.996050798786	0.00394920121443
0.982892537818	0.0171074621819
0.999890254137	0.000109745862904
0.00513450512444	0.994865494876
0.999747278941	0.000252721059095
0.99999999999	9.59948136979e-12
0.999999993042	6.95804967305e-09
0.995273274011	0.0047267259888
0.0064554358946	0.993544564105
0.0268106494648	0.973189350535
0.999992448247	7.55175340791e-06
0.999964148693	3.58513067615e-05
0.999999351455	6.48545214216e-07
0.999729329657	0.000270670342692
0.999999241881	7.58118674287e-07
0.999999994594	5.40574899164e-09
0.999998529472	1.47052754665e-06
1.0	3.36587499266e-14
0.999999999997	3.26780899384e-12
0.999999994529	5.47121225955e-09
0.999941403373	5.85966266172e-05
0.999930774698	6.92253019175e-05
0.999999999431	5.69013206332e-10
0.999995962169	4.03783057202e-06
0.973267669222	0.0267323307779
0.943850848686	0.0561491513138
0.999999973487	2.65130323117e-08
0.99999999996	4.02479414234e-11
0.999999812152	1.8784752184e-07
0.999997460622	2.53937763124e-06
0.999968433957	3.15660429457e-05
0.99999782271	2.17729038561e-06
0.975275670547	0.0247243294526
0.984439192293	0.015560807707
0.999999998576	1.42416518178e-09
0.996452353165	0.0035476468345
0.998493837402	0.00150616259828
0.999999999987	1.34190849409e-11
0.999656561473	0.00034343852712
0.910851764216	0.0891482357844
0.999999999967	3.26636037978e-11
0.999969842795	3.0157204974e-05
0.999997141	2.85899993696e-06
1.0	4.25115563127e-13
0.982565413036	0.0174345869636
0.993297460507	0.0067025394932
0.99998753526	1.24647397119e-05
0.999999999408	5.92322203592e-10
0.9999999988	1.19966599808e-09
0.978096156605	0.0219038433947
1.0	2.10451119522e-14
0.999999926433	7.35665138559e-08
0.808341636559	0.191658363441
1.0	1.45430720716e-13
0.999999997264	2.73551205564e-09
0.998747226777	0.00125277322296
0.993574220426	0.00642577957393
0.999873470345	0.000126529654906
0.999999999997	3.29443884448e-12
0.999999968521	3.14788952696e-08
0.999999951827	4.81727985322e-08
0.999521860062	0.000478139937687
0.999998364459	1.63554093137e-06
1.0	1.49993244792e-14
0.204538239882	0.795461760118
0.999974894469	2.51055314013e-05
0.927824094232	0.0721759057677
0.999999994991	5.00860186314e-09
0.999992041492	7.95850815831e-06
0.997884056309	0.00211594369121
0.999995095428	4.90457158156e-06
0.999999998669	1.33148337459e-09
0.970555160658	0.029444839342
1.0	5.36579265243e-15
0.999999999819	1.80852501463e-10
0.998306841702	0.00169315829849
0.999969456159	3.05438414233e-05
0.999999980201	1.97986225013e-08
1.0	8.81315885984e-14
0.833274138891	0.166725861109
1.0	3.25010342575e-15
0.999809122635	0.00019087736471
0.999999824255	1.75745115146e-07
0.999994726336	5.27366413639e-06
0.999958925544	4.10744561467e-05
0.997222860202	0.00277713979761
0.999995058699	4.94130081835e-06
0.535323459035	0.464676540965
0.00300075119931	0.996999248801
0.999959377007	4.06229931177e-05
0.997222860202	0.00277713979761
0.999995058699	4.94130081835e-06
0.977417319619	0.0225826803808
0.12468988359	0.87531011641
0.999999986223	1.37766969671e-08
0.999999074206	9.25794268522e-07
0.914295984973	0.0857040150275
1.0	3.21804382337e-14
0.99665429367	0.00334570633002
0.995515798652	0.00448420134771
0.900967606006	0.0990323939939
0.99996372738	3.62726197075e-05
0.999999722717	2.77282607091e-07
0.999464688823	0.000535311177417
0.999999974793	2.52072380524e-08
0.999999618769	3.81231498092e-07
0.999946634529	5.33654711393e-05
0.999992556978	7.44302189299e-06
0.999997877573	2.12242699626e-06
0.97812865326	0.0218713467398
0.0364613640119	0.963538635988
0.998665668523	0.00133433147717
0.999972412161	2.75878390635e-05
0.995136674632	0.00486332536839
0.998920762127	0.00107923787257
0.999995423546	4.57645368986e-06
0.796986923241	0.203013076759
0.999297441459	0.000702558541216
0.999964821518	3.51784821771e-05
0.999999979329	2.06714320691e-08
0.999995756456	4.24354375875e-06
0.999999999946	5.37866976493e-11
0.30112260482	0.69887739518
0.99978980526	0.000210194739547
0.999979891126	2.01088742798e-05
0.999874079	0.000125921000159
0.999974116114	2.58838862878e-05
0.462618973072	0.537381026928
0.999999464647	5.35353299222e-07
0.889510072486	0.110489927514
0.992219908148	0.00778009185216
0.80479298212	0.19520701788
0.99999857076	1.42924018713e-06
0.999999427872	5.72128333632e-07
0.99995600475	4.39952498472e-05
0.999413740739	0.00058625926102
0.999999985445	1.45551328662e-08
0.999547170982	0.000452829018417
0.999906706029	9.3293970902e-05
1.0	9.15071407862e-14
0.998922012475	0.00107798752457
0.982686872515	0.0173131274846
0.8735600647	0.1264399353
0.996911925597	0.00308807440292
0.999999767934	2.32065656637e-07
0.999965696664	3.430333638e-05
0.999999998136	1.86367463756e-09
0.99999048963	9.51036985572e-06
0.995687289673	0.00431271032676
0.999999992523	7.47710568593e-09
0.932894967631	0.0671050323686
0.996132468354	0.00386753164565
0.999999954654	4.53456180228e-08
0.999867907891	0.000132092108768
0.999999999919	8.13982670039e-11
0.999268102677	0.000731897323428
0.999999979775	2.02248502561e-08
0.99989440609	0.000105593910222
0.999999980946	1.90538489591e-08
0.818352198842	0.181647801158
0.999803328807	0.000196671193327
0.985770145632	0.0142298543679
0.999999999996	3.99921710506e-12
0.959883978805	0.0401160211954
0.327621791894	0.672378208106
0.994249813238	0.00575018676174
0.999999991654	8.34645029106e-09
0.999983593414	1.64065860395e-05
0.995617825892	0.00438217410814
0.979270232699	0.0207297673011
0.999999990396	9.60355405895e-09
0.613132402745	0.386867597255
0.999818351025	0.000181648974666
0.999999981435	1.85647067287e-08
0.999999013999	9.86001250723e-07
0.999999964146	3.58539676589e-08
0.997599691068	0.00240030893181
1.0	1.68000994071e-13
0.73091690177	0.26908309823
0.891155268846	0.108844731154
0.790121540241	0.209878459759
0.999999989936	1.00641741247e-08
0.869664396167	0.130335603833
0.99621637078	0.0037836292198
0.999811273027	0.000188726972811
0.999999983123	1.68766075435e-08
0.999997789426	2.21057423936e-06
0.999900287526	9.9712474464e-05
0.994317146443	0.00568285355693
0.999999996532	3.46785700165e-09
1.0	5.31515301095e-17
1.0	1.73832173473e-19
0.999964841032	3.51589675714e-05
0.999999964146	3.58539676589e-08
1.0	2.28037007078e-13
0.999999797923	2.02076560984e-07
0.82380108129	0.17619891871
0.980823159923	0.0191768400771
0.999997881337	2.11866340209e-06
0.956375157472	0.0436248425278
0.962726920862	0.0372730791376
0.999999999862	1.37649895422e-10
0.999907841259	9.21587407764e-05
0.999996085753	3.91424667704e-06
0.999999353028	6.46971919074e-07
0.86141729422	0.13858270578
1.0	7.29680110058e-14
0.999844603675	0.00015539632534
0.999909341167	9.06588333988e-05
0.999999836028	1.63972072092e-07
0.999992473115	7.52688485539e-06
0.999999997404	2.596160825e-09
0.999995398394	4.60160564413e-06
0.999531374032	0.000468625968379
0.999999994029	5.97083923383e-09
0.989576912506	0.0104230874943
0.999980888486	1.91115143585e-05
0.999999999987	1.2687817374e-11
0.999999999301	6.99261408865e-10
0.999999740911	2.59088959854e-07
0.999505675039	0.000494324961007
0.80254753837	0.19745246163
0.947051237052	0.0529487629479
0.999996713261	3.28673939752e-06
0.999696361292	0.000303638708338
0.999999911996	8.80036289673e-08
0.995201771172	0.004798228828
0.999999640264	3.59735805947e-07
0.999758854564	0.000241145435706
1.0	3.27132762637e-16
0.999999424585	5.75415296429e-07
0.998322842893	0.00167715710665
0.244333054762	0.755666945238
0.999999998735	1.2647514164e-09
0.86493117477	0.13506882523
0.999995133938	4.86606241512e-06
0.999718528341	0.000281471659441
0.99865218416	0.00134781583968
0.99862422691	0.00137577308955
0.999987758135	1.22418654375e-05
0.992539574194	0.00746042580603
0.1591935164	0.8408064836
0.999963663258	3.63367424415e-05
0.997620592449	0.00237940755077
0.813572385785	0.186427614215
0.999999839775	1.6022490507e-07
0.99999999993	7.03888434558e-11
0.999999999814	1.86460367623e-10
0.999999999998	1.88805078037e-12
0.999819220144	0.000180779856154
1.0	1.28901592177e-17
0.999938191111	6.18088887791e-05
0.999999974816	2.51837778418e-08
0.999999981722	1.82775662372e-08
0.999748423936	0.000251576063999
0.999999612021	3.87978945763e-07
0.9999812098	1.87901998396e-05
0.973459110778	0.0265408892225
0.999996078739	3.92126140832e-06
1.0	5.58600043903e-15
0.999999999954	4.55168471409e-11
0.999999999976	2.3553776058e-11
0.999999962806	3.71935724812e-08
0.999999879305	1.20695389343e-07
0.99896081148	0.00103918852046
0.999993983192	6.01680845582e-06
1.0	1.43320197146e-19
0.999999900512	9.94878680655e-08
0.999999999975	2.47386223065e-11
1.0	1.22462712687e-18
0.999913553284	8.64467164538e-05
0.999999023994	9.76005659074e-07
0.916406602282	0.0835933977181
0.998832399785	0.00116760021507
0.999982425835	1.75741654414e-05
0.99980032224	0.000199677760271
1.0	1.77361463853e-15
0.914709904771	0.0852900952289
0.999993361178	6.63882219325e-06
0.999381558549	0.000618441450572
0.999890655828	0.000109344171661
0.999999999983	1.69957524799e-11
0.999888373982	0.000111626017631
0.999953633288	4.63667119576e-05
0.999999826539	1.73461110668e-07
0.999999994554	5.44581696652e-09
0.999861009542	0.000138990458241
0.999999602189	3.97811391977e-07
0.999536604272	0.000463395728086
0.998169178725	0.00183082127477
0.999999620009	3.7999057592e-07
0.99839029872	0.00160970128028
0.999950223566	4.97764337049e-05
0.999994643939	5.35606080079e-06
1.0	4.42573609576e-13
0.999914982161	8.50178390216e-05
0.999999296634	7.03365722601e-07
0.999996626144	3.37385551481e-06
0.738544897355	0.261455102645
0.999999999383	6.1669252018e-10
1.0	3.89851829227e-14
0.999999997688	2.31245738412e-09
0.999999999524	4.75529143277e-10
0.999998195787	1.80421340458e-06
0.999046514414	0.000953485585971
0.999912930228	8.7069771802e-05
0.999994656768	5.34323182734e-06
0.99173851935	0.00826148064954
0.434058407802	0.565941592198
0.999991704874	8.29512554126e-06
1.0	9.57859021426e-15
1.0	1.41931957277e-14
0.999984357827	1.56421727881e-05
0.998652609931	0.0013473900694
0.996980756863	0.00301924313704
0.999999999978	2.22605922827e-11
0.999745018774	0.000254981225995
0.993195728169	0.00680427183124
0.999999920264	7.97361467795e-08
0.995397819067	0.00460218093252
0.999115210894	0.000884789106174
0.999958726871	4.12731291736e-05
0.999845374149	0.000154625851081
0.986750659686	0.013249340314
0.999999999934	6.55910471142e-11
1.0	1.74750104519e-14
1.0	1.14662622839e-16
0.999999733898	2.66102116233e-07
0.999999999999	9.71814796389e-13
0.999995046347	4.95365279719e-06
0.999999999987	1.2848222759e-11
0.999992006035	7.99396455052e-06
1.0	5.5674750564e-15
0.825148101435	0.174851898565
0.999999742056	2.57943652438e-07
0.999999999035	9.64555986731e-10
0.999999999946	5.44246189409e-11
0.999991782608	8.21739180601e-06
0.999803889177	0.000196110823315
0.999999995526	4.47408198177e-09
0.999999999835	1.64622015961e-10
0.999991861195	8.13880511301e-06
0.999827313243	0.000172686756529
0.999999962049	3.79513903988e-08
0.999999998984	1.016391611e-09
0.606863981489	0.393136018511
0.992932158342	0.00706784165849
0.948143064722	0.0518569352776
0.999999752833	2.47167000653e-07
0.999932901316	6.70986836626e-05
0.999999993451	6.54875832201e-09
0.822163633861	0.177836366139
0.998349742344	0.0016502576562
0.999999845644	1.54355814305e-07
0.999999987704	1.22958630143e-08
0.999999945773	5.4227395281e-08
1.0	2.48638719137e-13
0.949221098782	0.050778901218
1.0	1.80279205356e-20
0.852970890656	0.147029109344
0.999999999558	4.42153950077e-10
1.0	1.90472919055e-20
0.999751719466	0.000248280533718
0.999999979138	2.08620893941e-08
0.999999862804	1.37196311072e-07
1.0	1.85485278772e-26
0.999999999962	3.79828468674e-11
0.999993239019	6.76098085588e-06
0.999999999888	1.11733405342e-10
0.999999997844	2.15623106295e-09
0.999998863115	1.13688528788e-06
0.999983776653	1.62233467915e-05
0.99998328133	1.67186699875e-05
0.595001018392	0.404998981608
0.999999999999	1.3539051708e-12
0.99917268184	0.000827318160372
0.999844263116	0.000155736883524
0.997651468212	0.00234853178804
0.999999999787	2.12909260273e-10
1.0	4.66687105889e-15
0.999999999974	2.57073488251e-11
0.999999999998	2.00455985645e-12
0.999999977002	2.29977586724e-08
0.999999999975	2.53691265632e-11
0.999999722033	2.77967443575e-07
1.0	1.38672856501e-17
1.0	1.47691206513e-13
0.999999962065	3.79346964928e-08
0.999999999989	1.0652384881e-11
0.999994292568	5.70743210748e-06
0.999997711144	2.28885581477e-06
1.0	1.27073333189e-17
0.999999999901	9.90779713329e-11
0.999999999183	8.16788070209e-10
0.907327284518	0.0926727154825
1.0	4.66875848823e-14
0.999999960527	3.94727372819e-08
0.0362661490412	0.963733850959
0.999999666731	3.33268844388e-07
0.999999874307	1.25693500376e-07
0.999999999999	1.24286869895e-12
0.999999923224	7.67764603894e-08
0.999870122513	0.000129877486634
0.999997727947	2.27205346574e-06
0.999560096953	0.000439903046917
0.969878383279	0.0301216167206
1.0	3.18163399687e-15
0.959898115353	0.0401018846467
0.998846293858	0.00115370614207
0.999999810528	1.89471537241e-07
0.998982747935	0.00101725206479
0.999998679254	1.320746475e-06
0.999999999998	1.61265819008e-12
1.0	6.04808300412e-20
0.999898952453	0.000101047547471
0.99998705977	1.2940230371e-05
1.0	1.74125203776e-21
0.999973682665	2.63173346011e-05
0.999998608975	1.3910248756e-06
0.999688398437	0.000311601563484
0.996066868835	0.00393313116481
0.998830419234	0.00116958076581
0.999999999787	2.1343957976e-10
1.0	1.36716221244e-32
0.999996429614	3.57038581653e-06
0.999989993984	1.00060164607e-05
0.999999999656	3.44409720742e-10
0.999999999987	1.26250879924e-11
1.0	4.73454193906e-13
0.999997126077	2.87392265456e-06
0.998914140869	0.00108585913146
0.999999942376	5.76235979674e-08
0.999890116169	0.000109883830704
0.999999999572	4.28098229744e-10
0.99999996651	3.34896511455e-08
0.999907162246	9.28377538439e-05
0.999999967774	3.22261503465e-08
0.999999999994	6.41022359384e-12
0.999999996756	3.24430562669e-09
1.0	1.01480702995e-16
0.999987714387	1.22856125791e-05
1.0	2.612837213e-15
0.99999999624	3.75956429585e-09
1.0	1.37681287803e-23
0.0266161379934	0.973383862007
0.999965289697	3.47103028599e-05
0.999778094481	0.000221905519388
1.0	2.5138251378e-23
1.0	1.25921619362e-13
0.999963623724	3.63762758453e-05
0.999980090058	1.99099419022e-05
0.989364817905	0.0106351820954
0.999662898207	0.000337101792687
0.999999999733	2.66510932684e-10
0.999999999983	1.685241543e-11
0.999999999998	1.51034524785e-12
0.999996206332	3.79366804349e-06
0.99999999999	9.57577512082e-12
0.999999999369	6.31037490726e-10
0.999999999823	1.76971802197e-10
0.999999999614	3.86199466049e-10
0.999999600025	3.9997503031e-07
0.999999999673	3.26801036545e-10
0.999383493889	0.000616506111445
0.945420659309	0.0545793406906
0.999999990067	9.93265572856e-09
0.999999733322	2.66678183011e-07
0.99580699179	0.00419300821
0.999999049309	9.50690613097e-07
0.999999999993	7.18147702291e-12
0.994268090329	0.00573190967134
0.999998809859	1.19014067786e-06
0.999769543409	0.000230456591267
1.0	1.23278730084e-25
0.999999333745	6.6625536737e-07
0.999999835819	1.64181110295e-07
0.999951568349	4.84316514516e-05
0.974331026324	0.0256689736765
0.999999999991	8.86353748041e-12
0.999982395793	1.76042066387e-05
0.999999968524	3.14756042211e-08
1.0	5.38821918978e-15
0.999995857565	4.14243455579e-06
0.999138511658	0.000861488341935
0.999999540097	4.59903284754e-07
0.99999956379	4.36210250752e-07
0.993809333864	0.0061906661361
0.999999999995	4.67750643191e-12
1.0	9.57614613063e-21
0.999999881345	1.18655349795e-07
1.0	1.22772605604e-13
1.0	1.27759988854e-13
0.999999767902	2.32098085285e-07
0.999999996897	3.10343358559e-09
0.999999514972	4.85027964474e-07
0.99999971871	2.81289702696e-07
0.99999559868	4.4013204943e-06
1.0	2.30067762748e-17
0.999991183439	8.81656080046e-06
0.999999999986	1.40274892802e-11
1.0	3.94481185314e-16
0.999615147938	0.000384852062263
0.999992376227	7.62377294147e-06
0.999999999998	1.88729881799e-12
1.0	1.01597176168e-19
0.999999999986	1.35306731827e-11
0.999999255987	7.44013292352e-07
0.999983684043	1.6315957381e-05
0.222683273983	0.777316726017
1.0	3.28474715649e-21
0.999691734879	0.000308265121325
0.999998067625	1.93237548415e-06
1.0	2.1305638627e-20
0.999998660166	1.33983393025e-06
0.999999999399	6.01049679548e-10
0.999841467807	0.000158532192946
0.999999998763	1.2366520405e-09
1.0	4.06322822589e-13
1.0	3.57962026993e-14
0.999999988373	1.16266889746e-08
1.0	1.12931343476e-20
1.0	7.76977031208e-14
0.999766747242	0.000233252757561
0.999999996664	3.33649047271e-09
0.999999121726	8.78274131398e-07
0.999999999785	2.15397044699e-10
0.99957328864	0.000426711359865
0.99999994519	5.48099968007e-08
0.999999979673	2.03268141423e-08
0.999999999957	4.32135169011e-11
0.999998190826	1.80917397044e-06
1.0	5.20324085133e-15
1.0	4.7940911671e-13
1.0	3.30553361176e-15
1.0	4.86004960464e-31
0.999999762853	2.37147123764e-07
1.0	2.27065642636e-16
0.999995692207	4.30779330232e-06
0.999999863295	1.36704754877e-07
0.999999994748	5.25249041414e-09
0.999999999299	7.01366006558e-10
0.999994842317	5.15768348159e-06
0.999999792875	2.07124638774e-07
0.999999999999	6.85465353848e-13
1.0	1.03056965112e-16
0.932063738961	0.0679362610388
0.999999993779	6.22100134131e-09
0.999932079132	6.79208681614e-05
0.999999874296	1.25703524125e-07
0.999999999767	2.32643182202e-10
0.999996975628	3.02437220216e-06
0.999999996026	3.97416950601e-09
0.961102090687	0.0388979093132
0.999973348722	2.66512781226e-05
0.99999988472	1.15280012905e-07
0.999998699411	1.30058938502e-06
0.999995736636	4.26336394786e-06
0.9998822818	0.000117718200387
0.999999935197	6.48031960551e-08
0.966824956881	0.0331750431189
1.0	2.65279379925e-13
1.0	1.61135899241e-13
0.999909387022	9.06129780718e-05
0.999999456602	5.43398259241e-07
0.999999999999	6.96362913855e-13
0.999953415369	4.65846306894e-05
0.999999568164	4.31835660002e-07
0.999999174669	8.25330518601e-07
0.816928351731	0.183071648269
0.993289027097	0.0067109729029
0.99999991415	8.58501464818e-08
0.000152742757461	0.999847257243
0.990809077292	0.00919092270764
0.857220486903	0.142779513097
0.999129986278	0.000870013721639
0.946499414146	0.0535005858538
0.998486001356	0.00151399864401
0.9999998433	1.56700083192e-07
0.999441970435	0.000558029565095
0.99999883724	1.16275967748e-06
0.999999999806	1.94405693131e-10
0.997977870901	0.00202212909948
0.233481953107	0.766518046893
0.999739507615	0.000260492384871
0.999059940298	0.000940059701605
0.409731001794	0.590268998206
0.974939027395	0.0250609726055
0.999995834791	4.16520945e-06
0.230055572093	0.769944427907
0.999694049471	0.000305950528714
0.99999999982	1.80385830395e-10
0.99993969942	6.0300580495e-05
0.999965202448	3.47975519916e-05
0.999996572182	3.4278178448e-06
3.99489124225e-09	0.999999996005
0.990317386187	0.00968261381299
0.99999976872	2.31279905203e-07
0.144432135749	0.855567864251
0.999985288646	1.47113544061e-05
0.954435301083	0.0455646989166
0.874642449811	0.125357550189
0.9999999714	2.86003597731e-08
0.989389633558	0.0106103664423
0.999986726586	1.32734142353e-05
0.9999999895	1.05004378894e-08
0.999999999995	5.4432766569e-12
0.998694989361	0.00130501063863
0.99999999346	6.53954571307e-09
0.995921906884	0.00407809311645
0.98353887375	0.0164611262503
0.999999999999	1.4284910058e-12
0.999973522691	2.64773086956e-05
0.932300456809	0.0676995431914
0.999999999991	8.73538502898e-12
0.998636664274	0.00136333572593
1.0	1.38061484584e-15
0.999999999982	1.84495007133e-11
1.0	1.4926255909e-14
0.999998366283	1.63371726132e-06
0.999632157302	0.000367842698471
0.979797089784	0.0202029102162
0.999945348597	5.4651402789e-05
0.999999842472	1.57528139103e-07
0.236605633151	0.763394366849
0.964451299374	0.0355487006257
0.999999871145	1.28855045447e-07
0.978080686324	0.0219193136761
0.867730849587	0.132269150413
1.0	2.8524369606e-17
0.999999997374	2.62614517365e-09
0.953366315475	0.0466336845248
0.999998966876	1.03312440967e-06
0.568758227789	0.431241772211
0.999809733053	0.000190266947198
0.999999983101	1.68989266082e-08
0.999073450826	0.000926549174286
0.999999622895	3.77104552515e-07
0.999689925808	0.000310074191558
0.999514903162	0.000485096838148
0.848029193114	0.151970806886
1.0	2.39037267263e-13
0.999995737819	4.26218107381e-06
0.999999999995	5.08369958431e-12
0.413437567556	0.586562432444
0.999999948699	5.13008196023e-08
0.999822010238	0.000177989762032
0.975298356689	0.0247016433113
0.999759158772	0.000240841227526
0.999944699852	5.53001482847e-05
0.999398020802	0.000601979197634
1.0	7.36376506961e-17
0.998486214868	0.00151378513243
0.999967513491	3.24865093247e-05
0.999999999996	4.27348526915e-12
0.99999786084	2.13916005443e-06
0.999999806417	1.93583398265e-07
0.999999336331	6.63668985964e-07
0.956835992386	0.0431640076138
0.999973084385	2.69156153286e-05
0.999998765758	1.23424225607e-06
0.999972405581	2.75944186753e-05
0.999999999992	7.8467648927e-12
0.996630605601	0.00336939439859
0.999999999989	1.06246753586e-11
0.999999997496	2.50434141537e-09
0.134374948068	0.865625051932
0.996528493523	0.0034715064765
0.999999999999	5.19262175041e-13
0.999894981468	0.000105018531797
0.969124800368	0.0308751996319
0.999978177458	2.18225423675e-05
0.999999999984	1.57856831506e-11
1.0	4.24654827359e-16
0.997117691866	0.002882308134
0.997651247112	0.00234875288771
0.924172156026	0.0758278439736
0.999998484218	1.51578242464e-06
0.999992096321	7.90367901257e-06
0.999999999264	7.36404798203e-10
0.999999991558	8.44156572819e-09
0.999999548506	4.51493580472e-07
0.999772973553	0.000227026447303
0.428927342387	0.571072657613
0.360828720123	0.639171279877
0.999999992076	7.92425760962e-09
0.999999999779	2.20627010346e-10
0.999997761023	2.23897689298e-06
0.999999238982	7.610179453e-07
0.999997679683	2.32031720108e-06
0.0867772538967	0.913222746103
0.99995538108	4.46189200202e-05
