0.997857668563
0.999999999986
0.999995992724
9.51726847009e-06
1.0
0.999999999339
0.999758010478
3.70525832238e-12
0.840114523224
0.999801342775
0.999999982358
0.977501630966
0.999879961285
0.98499953968
4.18541321379e-07
0.999873709382
0.999981620385
0.999997522057
0.999999999997
0.999999992622
0.999741796769
0.999999999997
0.925703083116
0.999999999662
0.999999998746
0.883329224802
0.999988882791
1.0
0.999999997993
0.999949582199
0.992584262454
0.993648366571
0.999996198954
1.0
0.000108775387763
0.999677934072
0.9999999969
0.999999928253
0.948848425655
0.988803667885
4.60783156486e-06
0.999999957627
0.999992467259
0.999994733208
0.884026683713
0.00023313645182
0.999906138954
0.998992982969
0.0837586524813
0.999977793151
0.999038200286
0.951806534826
0.99731913888
0.999981541391
0.999962251632
0.999416147746
0.999985657993
1.0
0.999999991419
0.99994713223
0.999999999937
0.998006007598
0.999990436182
0.999861405813
0.864849540681
0.119994281824
7.29185997694e-07
0.996295948422
0.746814582372
0.999947514789
1.0
0.00350499950193
0.976207702293
0.999999498572
0.999999963886
0.99569735939
0.99999999997
0.999996127128
0.563884558693
0.999995109065
0.998585439405
0.99998943669
1.47442715803e-06
9.86821104063e-05
0.00559310373726
3.55295432064e-05
0.571250702157
0.663738127286
0.99999977262
6.56657568343e-05
0.31690125947
0.999999681169
0.999999999362
0.999999998263
0.999999719907
0.999999999999
0.999999999993
0.993708719223
1.0
0.999087915582
0.00475036012519
0.999999999901
1.0
0.999987612804
0.99998209102
0.999999997207
0.999999999961
0.998930096781
0.547244785332
0.998025893291
1.0
0.999958974752
0.00240782885242
0.831736941031
0.112858106711
0.999859003887
1.0
1.0
0.999999999995
0.999999999998
0.999979908806
0.994861890291
0.99999988536
0.999998184603
0.999999999998
0.999986751093
0.999998202907
0.999895936695
0.990575186474
0.99857459841
0.999991203028
0.999970341412
0.999999999912
0.99994647155
0.999927211239
0.999999987221
1.0
0.999999996663
0.998772640947
0.999956971122
0.999999915626
0.999999999998
0.999986109926
0.999999854693
1.0
0.999984889472
0.996334936717
1.0
0.999998406318
0.991554977932
0.393172113189
0.999923874015
1.0
0.999999826903
0.999999999999
3.46775076554e-06
0.999999998983
0.3854599776
1.0
0.999943861712
1.0
0.999999999672
0.999611515087
0.990240663043
0.999999485772
0.0187139642417
0.999987945425
1.0
0.864526480371
0.969391091073
0.999958634606
0.999999936141
0.999996319167
0.99999999999
0.999924673057
0.999999999995
0.999890733184
0.999999543928
0.969952580283
0.999966267702
0.999650391666
0.3320002488
0.999973500231
0.999997516913
0.999999676643
0.99992753469
1.0
0.00135638865213
0.999999999839
0.999997805523
1.0
1.0
0.999999999815
0.999974128859
0.989757622756
0.999999999977
0.999999961584
1.0
0.999195892754
0.999932218044
0.999951743603
0.999280224393
0.00944236107865
0.999170292357
0.999984184049
0.999999999518
0.999999562096
0.976366107121
1.02584607475e-13
4.66293670343e-15
8.20802841562e-05
1.0
5.97845809259e-05
0.0589807076215
0.00140314426189
0.756365753375
0.0195755550283
3.83852727381e-10
4.27176072293e-11
0.03232635646
3.65335095509e-10
0.828012185162
2.28281837877e-11
7.26887630642e-07
0.0266913220393
0.912309899096
0.996175528538
0.000415994159124
1.0
0.970706675651
0.998711803847
0.545578923803
0.436868564521
0.995572544552
0.898438297344
0.999999999996
0.908691060811
0.988353973191
0.999984529375
0.000640623027514
0.810740942752
0.999999997311
0.990719980945
0.999999875523
0.999999980921
3.43354927442e-05
0.00172879441425
2.86422663365e-10
0.999999710754
0.00060168845348
0.997423663555
0.908594063752
0.999918134888
0.000214214606946
0.999999718061
0.999999826583
0.99999999998
0.0003139237946
0.999903874048
0.999992051055
0.999998257184
0.0359606605612
0.999999999818
0.999975461854
0.999999990526
0.0215387734528
3.77419658547e-05
4.42782159098e-05
0.999942736115
0.999999997395
0.999999999963
0.999874904791
0.904634167391
0.999876850871
0.99962422542
6.12316055637e-08
1.1768364061e-14
0.999998334616
0.653429332793
0.998383431211
0.780519044465
0.841085574543
0.0024665350056
0.999999982755
0.999999998833
0.995783062639
0.658654868461
0.999736218705
0.999991457291
0.00181115446159
0.816810926182
0.0424955840537
0.999999744209
0.99999990363
0.00330199597353
8.51912594912e-08
0.00175300037382
4.2146845125e-08
0.0010239570474
0.213296824306
0.296019574898
0.999999999998
0.632498570142
0.999999999988
6.19504447741e-14
1.0
0.0778729721196
0.999996588958
0.161881110332
0.999999999988
0.999979358862
0.024807573885
5.56472667945e-09
0.999998610551
5.95301585804e-13
6.61692922677e-14
0.998782752031
0.999992632786
1.0
0.997476100637
2.69597233427e-10
0.00999992061967
0.992065304468
0.396156949462
0.999999999969
0.0117922851325
2.73409628271e-09
0.999999999983
0.0176413571229
0.000105637398271
5.98943117325e-12
1.0
0.999999960905
3.23259197188e-11
0.999972366449
0.999999480881
0.999034781018
0.797879936193
0.999999925581
0.0051620339745
0.335970446219
9.2518412087e-07
0.999967790073
0.999996872584
0.999999993383
0.00388419902535
0.999825360433
0.999639565463
8.03101160296e-06
0.00792195102861
0.0178520792878
0.99999996924
0.999977594039
6.02532886507e-06
0.999962864777
0.143997696586
0.159461143395
0.999914889928
8.36072296351e-06
5.43800665095e-05
0.999999822921
7.92699239582e-14
0.999936306884
0.191571644803
0.00082415954289
0.0
0.0
0.999998523358
0.974668903841
0.999758518264
0.999999551703
0.99999999918
0.999999958108
0.00254552446835
0.999919767828
0.998961448884
0.102280634666
7.66312294997e-06
0.000286472886979
0.999954331251
1.0
0.057264927697
0.556201167154
0.965759064613
0.00519661248476
0.999864885075
0.999998153201
0.999818144935
0.999999942522
0.00469407307081
0.999999999991
0.999999970913
0.00978396633388
0.999985985935
0.995989565954
0.99978245153
1.08190906511e-06
0.00914424869496
0.999999999996
0.99999984034
3.7996294e-08
1.34642010874e-08
2.46375008284e-07
0.999994440458
0.000126380713965
9.91628926683e-06
0.125479386635
0.011416981394
6.81370927313e-06
0.0133240180824
0.999999803003
0.999850165479
0.0936583029911
6.49485110138e-09
0.968052764033
0.999999997596
0.578364620789
0.996213737541
0.993766880828
0.999997144787
0.999988085202
0.232051044089
0.998883408948
0.999814230431
0.9999999991
0.941070801765
0.0145899962891
0.0312239091661
0.0124256660962
0.9882456656
0.999999038907
0.0201173696208
0.189714035149
0.997614138154
0.493724538867
0.0
0.999999974225
0.999992659695
0.216680013012
0.27676756603
0.999999999948
0.999957231826
0.998388497747
0.999999900164
6.38439330891e-06
0.983053506757
0.999585509107
1.0
0.999926695771
0.999999507033
0.999999722748
1.0
0.999999950066
0.999834131163
0.000349091930999
0.999999984061
0.999996871348
0.0148646078711
3.99036406362e-07
0.994594716308
0.162609169018
0.999999996953
0.999447449254
0.999756459917
0.999946762738
0.000240720095824
0.999999986069
0.999999947209
0.0087835394458
0.0413941661527
0.999999999999
0.999999504059
0.999999999571
1.0
0.999972222791
0.99881248884
0.994100011596
0.296118692216
0.999769311926
0.999992666686
0.991027535253
0.979249916639
0.10692938863
0.999769311926
0.999992666686
0.93483913321
9.22656223874e-05
0.999223640193
0.999973799344
0.994639291614
0.999999997335
0.999790224022
0.999891214244
0.982472929352
0.987777442421
0.999999524483
0.999681249224
0.999999535098
1.0
0.999997810288
0.999997530126
0.999999999966
0.46007585821
1.80645215997e-06
0.954738847195
0.999999983233
0.999999228512
0.999935103788
0.998020146539
0.999971172235
0.999999999851
0.999914720771
0.999999999177
0.999999715941
0.999999999863
0.998931323037
0.999999818099
0.999599107757
0.992047649674
0.984640011652
0.965701456121
0.889316677028
1.0
0.999999903928
0.998014625968
0.00790117215679
0.99999967682
0.999977321517
0.982343478685
0.999749383413
0.999656916654
0.999991926577
0.999999999315
0.996164993545
0.996809887456
0.722457457037
0.793427666028
0.00204162248439
0.999874608825
0.999999998912
0.995734602496
0.938013845041
0.999999999978
0.999999312937
3.98621803011e-07
0.999984295905
0.850433929504
0.999999710578
0.999999747564
1.0
0.971365626432
0.999986582569
0.999639240456
0.378739997331
0.659008074114
0.999999999995
0.998536399638
0.999878536895
0.998291427237
0.999930915958
0.999999999993
0.996840796327
0.994002112802
0.999999999916
0.908556272895
0.998809663978
0.999996099789
0.999986090691
0.999999987441
0.298206708856
1.0
0.000816589527948
0.58563972166
0.283109944651
0.999792024206
0.858893947985
0.55857918888
0.999940893951
0.999999999058
0.999999994815
0.99926058
0.00225663954765
1.0
0.999999999984
0.999999967412
0.999999989692
0.999999986392
1.0
0.999961605253
0.999931716115
0.258321777867
0.0402858909338
8.99840963187e-07
0.999580825501
0.999999999884
0.0200682810353
0.999999998122
0.999999758335
0.999999781508
1.0
0.99999679304
0.999999999478
0.99999657195
0.999929296363
1.0
0.99999954235
0.666500820737
0.996614878717
1.63563256272e-08
0.999995026917
1.0
0.999999998574
0.553138784887
0.999966480732
0.766589523167
0.999967178431
0.999999768622
0.999998310548
0.999999999999
0.999999997539
0.999999466414
0.999227541984
1.0
0.999888991855
0.999889612059
0.875734960034
0.99994761039
0.999980096466
0.999914361011
0.999966070899
0.999873640319
0.999999986288
0.999997301326
0.999739994536
0.996333104321
1.0
0.999999947322
0.986707174403
0.99881419336
1.0
0.999999997113
0.999999999999
0.99999944539
1.0
0.703673131733
0.999999966702
0.999999910895
0.999999999984
0.99999994018
0.992658625885
0.999999035304
0.999995659417
0.999999999999
0.999999999915
0.999999999999
0.999999991396
0.999999999998
0.904904559565
0.999999207959
0.99999995733
0.999999803429
0.999999840936
0.999988188414
0.999250216148
0.999999999776
0.999999844843
0.968503317092
1.0
0.998894180215
0.999996989166
0.999999848701
0.999999877441
0.999993671747
0.999999991912
0.999999999409
0.239582777893
0.99999640725
0.999999942986
0.99994186284
0.999979510898
0.99999999279
0.999997305749
0.890979002516
1.0
0.000243273839046
1.0
0.999999992054
0.99999999479
0.99759726382
0.99999998139
0.870775224751
0.999766847075
0.99998107832
0.999999869579
0.966385573765
0.943380050193
0.999999965001
1.0
0.992159683698
0.999743321064
0.999989967672
0.843897800446
0.00955804306236
0.863531339108
0.999999790173
0.998089053368
0.999433024161
0.999999983656
0.502912341099
0.999999993553
0.999360462114
1.0
0.000462541731457
0.995131395441
0.8416924179
0.999926748427
0.959271120776
0.999439257909
0.999884236113
1.0
0.999999295216
0.999998031304
0.999999253367
0.999999936584
0.999959351964
0.99999999952
0.99999985285
0.99999999846
0.999996416477
0.999999999974
0.999898117838
0.99960240417
0.0480825614954
0.999999999943
0.999977018618
0.999977931308
5.47820206933e-05
0.999838407641
0.411830563947
0.999999567301
0.999176501307
0.0292622771724
0.99970238703
0.999999741907
0.998976999301
0.999999295347
0.999999998677
0.999999999951
0.603963899761
0.999999995322
0.999100377091
0.99999999632
0.738874187447
0.999999999917
1.0
0.882839278694
0.999996839151
0.01061791992
1.0
0.999999999595
0.999719265954
0.999989312677
0.999983807179
0.999999910769
0.999999978299
0.999999795468
0.0136831213314
1.0
0.99970448541
0.999880328018
0.995917648129
0.986267867876
0.999999999298
0.999962455079
0.999999999609
0.118961143253
0.999439764284
0.965039553825
4.9229123199e-06
1.0
1.39984848226e-05
0.140163892731
0.773325128582
0.999999999899
0.999999999996
0.999999985542
0.999999998436
0.98951351313
1.0
0.999992692122
2.97950499828e-08
1.87228010873e-12
0.999974659806
1.0
0.99999989737
0.999969121986
0.999999994049
0.999851812286
0.999639160148
1.0
0.638258796569
0.999854993788
0.999999976272
0.99999505291
0.999995853134
1.0
1.0
0.999998528078
0.577895684461
1.0
0.9999859972
2.32532793473e-05
0.996784510121
0.00030652821108
0.999969494935
0.0756380293741
1.0
0.0249501251825
0.999999905281
1.0
1.0
1.0
0.999999457315
0.988876529497
0.999999479351
0.999985327061
1.0
0.999998593053
0.999999999717
0.9999999997
1.0
0.60312677646
1.0
0.999942939313
0.993093468427
1.0
1.0
0.00567842566148
0.999491302084
0.999999999818
1.0
1.0
0.99999794478
0.980193481342
0.998656310023
0.988306798945
0.926078430479
0.999996512978
0.999999999932
0.997044542312
0.999999999989
0.927808298304
0.999999999956
0.999999744243
0.897795542551
0.999999913187
0.999999617136
0.995750100725
0.999849617922
0.0191783825192
0.152990747573
0.999999652071
0.999999999999
0.820469922715
0.999999275427
0.998592464457
0.999999999777
0.999981216006
0.99999947985
0.999999989643
0.0165308259894
0.999945197584
0.999997140915
1.0
0.000548550682929
0.99999998701
0.999953830211
0.999999999983
0.481081129254
0.271360395426
0.999992132741
1.0
0.752820884643
0.999999905262
0.999892838484
0.999971923575
0.999999939578
0.683027469648
0.999951260226
0.987130423254
1.0
0.00440829242223
0.999999998818
1.0
0.999966301724
0.999988610566
0.999999999255
1.0
0.999999999989
0.999995899861
0.982590280701
0.687594332302
1.0
0.999999298465
0.996696384475
0.999999999982
0.999999999882
0.999998629902
0.999999992218
0.999994772213
1.0
0.997857175022
0.997239376977
0.999999999993
0.999999991761
0.996579085063
0.999969615413
0.999999999955
0.994915689871
0.99998967276
0.999999908831
0.216188125596
0.999999992075
0.934502741514
0.99992565884
0.999593584154
0.0673694320596
1.0
0.999945798458
0.999999972826
0.999999999634
0.999999986323
0.999984221297
0.999703900951
0.992841350314
1.0
0.999999992128
0.999999991
0.990483893722
0.999999974186
0.978464330401
0.999998711899
0.99994764823
0.988869259539
0.999977834402
0.447176237868
0.998288822853
0.999999988922
0.999473645736
0.999999942973
0.999998279099
0.999999627989
0.999999048797
0.999999335832
1.0
0.178610442529
0.999999394189
0.999999999931
0.866120491496
0.883689877879
0.999999887444
0.23998151947
0.984693011592
0.999746396705
1.09787203662e-07
0.968176019136
0.133515467857
0.859165592465
3.37986151089e-06
0.00139133644041
0.999999027795
0.908657798461
0.999997831988
0.999997149524
0.910832503937
6.98652203268e-06
0.651350368757
0.977039404693
0.190785944012
0.000726140680798
0.999999999069
4.6060710801e-11
0.999980659686
0.957427612759
0.999675539345
0.999998784124
0.999999269774
3.5527136788e-15
0.665517530988
0.999999999561
0.840110712173
0.999948183145
0.999952131354
0.999770696464
0.999981545066
0.999999999559
0.999569412802
0.999999999999
0.999982824129
0.999502875513
0.00264593661057
0.707075108199
0.97747739456
0.00022521774656
0.999999996516
0.133241867514
1.0
0.996880357883
0.999985385077
0.999999999965
0.999916198578
0.999986918179
0.23104622989
0.0194481189701
0.9999942639
0.999999999822
0.0127939388477
0.96162322447
0.995152623508
0.999933469161
0.508698415903
1.11087811527e-05
0.999999997674
3.59005044637e-06
0.999948167423
0.186143714797
0.999999997089
0.999999999901
0.998800678406
0.999999994642
0.999566800753
0.999994086411
0.999791315435
1.0
0.848854788161
0.999999999456
0.937249380824
0.00289536410135
0.999587732991
0.999941346575
6.18634283912e-05
0.999999998533
0.999999999999
0.999999999998
0.630325213668
0.999999157192
0.999986216533
0.999921059759
0.999999999981
0.999709188108
0.0421339722858
0.999995220804
3.93980578823e-05
0.999988705313
0.999999999962
0.999955057961
0.99999999663
0.999995925132
0.209477617987
0.996353003191
0.999999999999
0.999999982231
0.999553704518
0.999997117453
0.860180609475
0.999999999791
0.999999954732
0.238412363452
0.999923556946
0.999781131831
0.999999909606
0.999998380331
0.999999999695
0.999062964507
0.999826325851
8.20553393399e-06
0.0308432062342
0.862243967516
0.999999999997
1.0
0.999999969403
0.999395815704
0.999852780899
0.999874110254
