8.0	6.0	0.210526315789	0.157894736842	0.453518103674	0.44581774595
12.75	3.0	0.554347826087	0.130434782609	0.616602374073	0.367642054898
8	1	1.0	0.125	1.32287565553	0.330718913883
5.5	5.0	0.196428571429	0.178571428571	0.38589612116	0.467024886808
41.1875	14.25	0.468039772727	0.161931818182	0.715530978228	0.479760494116
30.5	18.5	0.564814814815	0.342592592593	0.862255313098	0.68599801637
18.75	11.25	0.436046511628	0.261627906977	0.673616202696	0.447712169958
10.25	18.5	0.292857142857	0.528571428571	0.5088001091	0.693777003519
2	0	1.0	0.0	1.0	0.0
8.0	0.0	0.533333333333	0.0	0.784573486396	0.0
12.5	5.0	1.38888888889	0.555555555556	0.773799348732	1.25707872211
12.75	2.0	0.53125	0.0833333333333	0.860936082122	0.276385399196
4.5	2.0	0.45	0.2	0.788986691903	0.4
17.25	7.5	0.410714285714	0.178571428571	0.73156190656	0.405636310414
25.5	8.75	0.296511627907	0.101744186047	0.506515151503	0.459679341879
4.0	1.0	0.333333333333	0.0833333333333	0.471404520791	0.276385399196
15.75	4.0	1.21153846154	0.307692307692	1.50590553465	0.605692913386
25.0	9.25	0.78125	0.2890625	1.18544229615	0.527039842985
11.5	3.5	0.676470588235	0.205882352941	0.784803768478	0.3857316779
13	5	0.342105263158	0.131578947368	0.526973273539	0.408530913059
8.0	4.0	0.727272727273	0.363636363636	0.749655568294	0.642824346533
26.5	8.0	1.325	0.4	1.80468141233	0.916515138991
2.0	14.875	0.0740740740741	0.550925925926	0.261891400439	0.823735885662
4.0	13.25	0.285714285714	0.946428571429	0.451753951453	1.00079687637
7.0	0.0	0.538461538462	0.0	0.603245659283	0.0
7.5	2.0	0.833333333333	0.222222222222	0.849836585599	0.415739709642
23.0	5.0	0.884615384615	0.192307692308	1.04979569723	0.368910117178
28.3125	13.5	0.857954545455	0.409090909091	1.03344551955	0.711960007544
6.5	5.0	0.361111111111	0.277777777778	0.596414182044	0.447903208239
14.75	4.5	0.567307692308	0.173076923077	1.11277047772	0.365384615385
25.75	9.0	0.887931034483	0.310344827586	1.47622860418	0.462634753965
6.0	1.5	0.75	0.1875	1.29903810568	0.347985272677
14.75	6.0	0.670454545455	0.272727272727	0.951632459957	0.616575453011
67.0	25.5	0.697916666667	0.265625	0.885294109165	0.616412356064
6.0	12.625	0.206896551724	0.435344827586	0.405080693947	1.02059645427
4.0	6.5	0.666666666667	1.08333333333	0.7453559925	1.09607886983
23.0	9.0	0.621621621622	0.243243243243	1.117462167	0.540540540541
2.3125	3.0	0.128472222222	0.166666666667	0.316277325224	0.37267799625
6.5	1.0	1.08333333333	0.166666666667	0.606675824107	0.37267799625
3	1	0.333333333333	0.111111111111	0.666666666667	0.314269680527
26.25	20.5	0.298295454545	0.232954545455	0.625974189112	0.482352566007
5.5	0.0	0.611111111111	0.0	0.566557723733	0.0
23.0	8.5	0.442307692308	0.163461538462	0.601711071045	0.363227437837
10.5	7.0	0.338709677419	0.225806451613	0.614175250473	0.565667029573
3	1	3.0	1.0	0.0	0.0
12.5	21.0	0.265957446809	0.446808510638	0.493048094734	0.612233811487
14.5	4.0	1.20833333333	0.333333333333	1.61320505688	0.623609564462
3.0	1.0	0.75	0.25	0.75	0.433012701892
9.25	9.5	0.660714285714	0.678571428571	0.729524936279	1.78892568377
6.0	8.25	0.75	1.03125	0.968245836552	1.265142655
27.0	17.5	0.428571428571	0.277777777778	0.728431359085	0.47790695928
3.5	3.0	0.291666666667	0.25	0.557462006677	0.433012701892
3.0	0.0	0.333333333333	0.0	0.623609564462	0.0
9.75	3.5	0.513157894737	0.184210526316	0.745485024959	0.370295981039
7.0	2.0	0.875	0.25	0.739509972887	0.433012701892
3.5	2.5	0.184210526316	0.131578947368	0.370295981039	0.392096432257
13.0	1.0	1.18181818182	0.0909090909091	1.33608531425	0.287479787288
29.25	9.5	1.21875	0.395833333333	1.51264203879	0.989309172549
14.0	7.0	0.583333333333	0.291666666667	1.15168958009	0.538451999305
9.5	8.0	0.527777777778	0.444444444444	0.790081258518	0.831479419283
17.75	5.0	0.8875	0.25	0.882025368116	0.433012701892
12.75	5.5	0.671052631579	0.289473684211	0.917851580347	0.816213811541
8.5	1.0	0.566666666667	0.0666666666667	0.833999733546	0.249443825785
12.0	7.0	0.387096774194	0.225806451613	0.748220226112	0.565667029573
6.5	17.0	0.325	0.85	0.506828373318	0.95
9.0	7.5	0.28125	0.234375	0.449609205311	0.450422978294
9	12	0.391304347826	0.521739130435	1.16988035192	0.714420727181
16.25	5.5	0.369318181818	0.125	0.622697203985	0.322014257166
8.0	4.0	0.5	0.25	0.684653196881	0.559016994375
21.75	2.0	0.805555555556	0.0740740740741	1.13311544747	0.261891400439
33.0	14.125	0.891891891892	0.381756756757	0.717871620827	0.609570314123
22.0	14.5	0.6875	0.453125	1.38490748789	0.688741776267
10.75	0.5	0.767857142857	0.0357142857143	1.00207056047	0.128769688409
7.625	1.0	0.953125	0.125	0.847647249376	0.330718913883
21.25	9.5	0.386363636364	0.172727272727	0.705204969911	0.417984143003
20.25	22.0	0.31640625	0.34375	0.669132757725	0.578758099295
32.125	12.0	0.803125	0.3	1.32254711046	0.610327780787
5.5	9.75	0.305555555556	0.541666666667	0.503843254089	0.646840612344
12.75	14.5	0.607142857143	0.690476190476	0.738287225415	1.00565295628
27.25	4.0	2.09615384615	0.307692307692	1.54278239386	1.06587742004
17.0	14.75	0.459459459459	0.398648648649	0.630083417669	0.629938487611
8.5	6.5	0.566666666667	0.433333333333	0.833999733546	0.793025150225
31.5	30.375	0.463235294118	0.446691176471	0.682319661967	0.784241676761
24.25	20.25	0.440909090909	0.368181818182	0.623340772779	0.648169705357
20.0	27.0	0.526315789474	0.710526315789	1.35212974512	2.64483503353
16.25	16.75	0.369318181818	0.380681818182	0.731764361375	0.552598809458
18.5	5.5	0.660714285714	0.196428571429	1.24680714677	0.38589612116
3	2	0.230769230769	0.153846153846	0.421325044235	0.532938710021
10.5	4.75	0.35	0.158333333333	0.607590871119	0.367895667577
27.5	33.75	0.392857142857	0.482142857143	0.736268861717	0.866356727677
11.5	6.0	0.575	0.3	0.729297607291	0.458257569496
14.0	10.25	0.5	0.366071428571	0.779193722474	0.568841801293
24.25	19.25	0.449074074074	0.356481481481	0.588035865996	0.703170485116
43.25	17.5	0.665384615385	0.269230769231	1.19153821324	0.575639597965
10.0	3.0	0.833333333333	0.25	0.513701166914	0.595119035712
13.5	2.5	1.125	0.208333333333	1.37120688933	0.379601399131
13.75	7.0	0.982142857143	0.5	1.19696150178	0.731925054711
8.75	7.0	0.514705882353	0.411764705882	0.609185740506	0.599884648658
11.75	2.0	0.691176470588	0.117647058824	0.627374382579	0.322189739709
11.5	14.75	0.676470588235	0.867647058824	1.42396687493	0.981886116625
12.0	4.0	0.5	0.166666666667	0.8260094834	0.471404520791
6.75	1.0	0.675	0.1	0.75041655099	0.3
23.0	7.5	1.15	0.375	1.08512672071	0.845946215784
11.5	3.0	0.46	0.12	0.508330601086	0.292574776767
39.5	29.75	0.548611111111	0.413194444444	0.889404147536	0.721879926898
21.25	9.5	0.408653846154	0.182692307692	0.718954981061	0.42774954653
23.25	2.0	0.96875	0.0833333333333	0.925091493223	0.276385399196
19.25	22.0	0.30078125	0.34375	0.640708359668	0.578758099295
18	8	1.28571428571	0.571428571429	2.37332110369	1.23717914826
6.5	5.5	0.541666666667	0.458333333333	0.690963497991	0.476896797594
21.875	13.0	0.643382352941	0.382352941176	0.898391307862	0.728201082538
20.25	18.0	0.547297297297	0.486486486486	0.716216216216	0.850170781623
21.75	12.25	0.701612903226	0.395161290323	0.791638141407	0.723383051019
28.5	19.0	0.59375	0.395833333333	0.828567098973	1.05553271174
28.5	9.5	0.730769230769	0.24358974359	0.811347042682	0.529535293027
9.0	2.0	4.5	1.0	4.5	1.0
21.75	10.5	0.659090909091	0.318181818182	0.787733086761	0.625447498198
21.75	18.0	0.472826086957	0.391304347826	0.730225286986	0.73656844983
12.5	3.0	0.78125	0.1875	0.769917812172	0.526634360824
6	6	0.230769230769	0.230769230769	0.504418348023	0.504418348023
5.25	1.0	0.477272727273	0.0909090909091	0.678019722281	0.287479787288
23.0	17.0	0.306666666667	0.226666666667	0.58105268455	0.560019840918
17.5	11.5	0.603448275862	0.396551724138	0.884534850923	0.791978212266
5	1	0.5	0.1	0.67082039325	0.3
15.5	8.25	0.775	0.4125	1.1453711189	0.826419233803
21.25	4.5	1.11842105263	0.236842105263	1.06798020462	0.695254990191
6.0	3.875	0.375	0.2421875	0.673145600892	0.721419972931
7.0	2.0	1.0	0.285714285714	0.801783725737	0.451753951453
18	0	1.5	0.0	3.06865877325	0.0
28.75	24.5	0.410714285714	0.35	0.890461070664	0.630192714289
16.25	2.0	1.25	0.153846153846	1.38675049056	0.360801212294
7.0	5.5	0.538461538462	0.423076923077	0.603245659283	0.549340648349
19.75	5.0	1.03947368421	0.263157894737	1.20923844536	0.546963412916
9.0	4.0	0.346153846154	0.153846153846	0.647023224664	0.360801212294
7	1	1.4	0.2	0.489897948557	0.4
12.0	6.0	0.8	0.4	0.748331477355	0.879393730552
34.125	16.0	0.643867924528	0.301886792453	0.975947841897	0.644933978203
10.0	4.25	1.0	0.425	1.16189500386	0.725
10.25	2.0	0.854166666667	0.166666666667	0.904032248073	0.37267799625
7.75	4.25	0.596153846154	0.326923076923	0.690167632497	0.494047406872
12.0	6.0	0.8	0.4	0.748331477355	0.879393730552
23.5	2.5	1.23684210526	0.131578947368	1.39659756714	0.38361525624
12.75	3.0	2.55	0.6	3.05122926048	0.8
39.0	22.0	0.527027027027	0.297297297297	0.836829166153	0.655892825163
12.0	6.0	0.8	0.4	1.16619037897	1.01980390272
7.0	1.5	0.875	0.1875	1.05326872165	0.496078370825
13.0	9.5	0.722222222222	0.527777777778	0.853460638652	0.857519391135
19.0	18.25	0.527777777778	0.506944444444	0.822381741283	0.878931862624
18.75	7.0	0.520833333333	0.194444444444	0.613434661014	0.377818625243
13.5625	13.5	0.423828125	0.421875	0.629812405222	0.740664555906
10.5	10.0	0.388888888889	0.37037037037	0.842541716006	0.554319612855
21.75	8.0	0.75	0.275862068966	0.880830329272	0.637698000307
17.75	6.0	0.8875	0.3	0.86773771959	0.640312423743
9.0	7.0	1.125	0.875	0.739509972887	1.36358901433
18.5	6.0	0.451219512195	0.146341463415	0.696724724736	0.353448213322
8.0	14.0	0.186046511628	0.325581395349	0.4449099179	0.672410804409
12.0	2.0	1.2	0.2	1.07703296143	0.4
11.75	4.5	0.734375	0.28125	1.05129663244	0.558142846859
16.0	3.75	0.842105263158	0.197368421053	0.960436188994	0.83736329351
36.0	4.0	12.0	1.33333333333	15.5777619274	0.942809041582
13.5	7.5	0.519230769231	0.288461538462	0.752952767325	0.652997186398
7.5	0.0	0.535714285714	0.0	0.549814439941	0.0
14.75	18.0	0.59	0.72	0.929731143934	1.28124939024
12.0	2.5	0.8	0.166666666667	1.6	0.34960294939
16.5	14.5	0.311320754717	0.27358490566	0.559872080187	0.633692665047
18.0	21.0	0.4	0.466666666667	0.637704215657	0.80553639824
14.5	12.5	0.690476190476	0.595238095238	1.13888197553	1.064794275
26.5	6.5	0.883333333333	0.216666666667	0.882074574827	0.511262055006
4	0	0.571428571429	0.0	0.494871659305	0.0
5.25	5.25	0.276315789474	0.276315789474	0.567164791112	0.632948077411
5	2	0.714285714286	0.285714285714	0.699854212224	0.451753951453
25.25	15.25	0.682432432432	0.412162162162	1.07591671888	0.826536685588
11.5	2.0	0.958333333333	0.166666666667	0.876981882494	0.37267799625
28.25	16.25	0.763513513514	0.439189189189	0.846187686727	0.928900478707
16.875	5.5	0.84375	0.275	0.994418014469	0.580409338312
18.75	8.0	0.694444444444	0.296296296296	0.913715789078	0.513868034278
8.0	2.0	0.666666666667	0.166666666667	0.849836585599	0.311804782231
8.0	2.0	0.888888888889	0.222222222222	0.515201027528	0.415739709642
4.0	2.5	0.222222222222	0.138888888889	0.532870169257	0.325130553076
8.5	1.0	0.708333333333	0.0833333333333	0.876981882494	0.276385399196
8.0	6.5	1.14285714286	0.928571428571	1.12485826772	0.664324115634
4	1	0.8	0.2	0.979795897113	0.4
9.25	0.0	1.32142857143	0.0	0.873358518617	0.0
17.5	11.0	0.324074074074	0.203703703704	0.617322529659	0.433210650566
13.25	3.5	0.490740740741	0.12962962963	0.62539425151	0.321817540685
5.0	2.25	0.454545454545	0.204545454545	0.89072354283	0.437167819583
20.0	7.0	0.625	0.21875	0.770551750371	0.543965474548
7.0	11.0	0.636363636364	1.0	0.881396337712	1.3314380469
11.0	0.0	1.1	0.0	0.916515138991	0.0
12.0	11.0	0.5	0.458333333333	0.612372435696	0.575844790045
14	2	1.16666666667	0.166666666667	1.06718737291	0.37267799625
33.125	2.0	1.57738095238	0.0952380952381	1.77049066312	0.293543523951
12.0	0.25	0.705882352941	0.0147058823529	1.01545155892	0.0588235294118
8.75	4.0	0.324074074074	0.148148148148	0.622921784872	0.590273238908
7.0	3.5	0.318181818182	0.159090909091	0.465770489362	0.349881916326
23.5	4.0	0.810344827586	0.137931034483	0.648789231801	0.433441554827
13.5	0.0	1.35	0.0	1.67406690428	0.0
23.25	3.0	1.05681818182	0.136363636364	0.988375096094	0.343174292512
5.5	2.5	1.375	0.625	1.84983107337	0.414578098794
12.25	4.0	0.875	0.285714285714	1.94282103433	1.03015750728
8.5	0.0	0.653846153846	0.0	0.532938710021	0.0
5	0	0.833333333333	0.0	0.687184270936	0.0
6.0	8.5	0.4	0.566666666667	0.489897948557	0.654896090146
10	2	0.588235294118	0.117647058824	0.911290199108	0.322189739709
20.6875	6.25	0.713362068966	0.215517241379	1.14582229844	0.515802596609
10.4375	1.0	1.73958333333	0.166666666667	3.02859992979	0.37267799625
15.0	5.0	1.36363636364	0.454545454545	1.82272160507	0.497929597732
2	1	2.0	1.0	0.0	0.0
18.0625	12.0	0.475328947368	0.315789473684	0.573098162304	0.566859453383
12.0	35.8125	0.292682926829	0.873475609756	0.505766862276	0.898899204523
12.25	15.5	0.291666666667	0.369047619048	0.566727937864	0.880067122775
13.875	5.5625	0.4625	0.185416666667	0.754948949709	0.592593903717
12.5	10.25	0.367647058824	0.301470588235	0.689296567368	0.580882352941
3.75	6.0	0.163043478261	0.260869565217	0.373065267429	0.507970497633
9.5	7.0	0.365384615385	0.269230769231	0.51061223259	0.443560099795
16.5	19.0	0.323529411765	0.372549019608	0.662907509976	0.592792802268
32.375	17.0	0.622596153846	0.326923076923	0.867235600577	0.570800849218
27.25	14.0	0.664634146341	0.341463414634	0.916664413315	0.609268097405
15.5	12.0	0.455882352941	0.352941176471	0.796293315922	0.722835631026
34.5	16.0	1.725	0.8	5.8276817861	1.50332963784
19.75	15.0	0.379807692308	0.288461538462	0.669547753179	0.540175842507
8.5	6.0	0.404761904762	0.285714285714	0.609821355946	0.568444589824
14.5	16.0	0.345238095238	0.380952380952	0.659076692175	0.564943357986
9.25	12.25	0.264285714286	0.35	0.612205781063	0.592211352234
4.5	3.25	0.409090909091	0.295454545455	0.556702214269	0.486384876342
8.0	0.5	0.727272727273	0.0454545454545	0.652395458837	0.143739893644
14.0	15.75	0.933333333333	1.05	1.33998341615	2.96113716895
6.5	9.5	0.342105263158	0.5	0.608116842542	0.538027586849
24.0	12.0	0.615384615385	0.307692307692	0.737820234356	0.646642062201
19.5	5.5	0.847826086957	0.239130434783	1.5703418529	0.463201646797
4.0	8.0	0.307692307692	0.615384615385	0.573064016375	0.923076923077
11.5	7.0	0.383333333333	0.233333333333	0.7033649282	0.558768487141
11.0	13.5	0.44	0.54	0.752595508889	0.978979060042
10.0	4.125	0.714285714286	0.294642857143	0.795394908976	0.622507786198
10.0	10.5	0.454545454545	0.477272727273	0.497929597732	0.64802624679
13.75	11.5	0.509259259259	0.425925925926	0.6472215599	0.754047150796
17.25	13.5	0.392045454545	0.306818181818	0.662291406425	0.524576767617
8.875	7.25	0.682692307692	0.557692307692	1.02212940507	0.785406840641
12.0	11.0	0.6	0.55	0.644204936336	0.804673846972
5.75	7.5	0.442307692308	0.576923076923	0.694441157126	0.674997260569
10.0	9.0	0.769230769231	0.692307692308	1.32455195059	1.48762150814
25.0	10.75	0.925925925926	0.398148148148	1.0337248694	0.707954994578
14.5	4.0	0.659090909091	0.181818181818	0.774396592609	0.489560437012
32.25	14.25	0.52868852459	0.233606557377	0.762999850482	0.531524355307
23.25	18.0	0.628378378378	0.486486486486	0.950855982824	0.940719150484
6.0	22.875	0.176470588235	0.672794117647	0.381220041083	1.38399952778
5.0	5.5625	0.384615384615	0.427884615385	0.737820234356	0.548076923077
35.5	31.5	0.633928571429	0.5625	1.14755590989	1.0342893523
6.5	6.0	0.65	0.6	1.05	1.2
5.75	2.0	0.302631578947	0.105263157895	0.516688260949	0.306892204992
5.0	2.5	0.3125	0.15625	0.658478359553	0.413398642354
8.5	3.0	0.386363636364	0.136363636364	0.737499124527	0.343174292512
12.5	2.0	1.25	0.2	1.3647344064	0.4
13.75	6.0	0.491071428571	0.214285714286	0.669761894182	0.410325903324
18.0	7.75	1.0	0.430555555556	1.22190652488	0.75372019729
19.5	8.0	0.722222222222	0.296296296296	1.13922759191	0.597204277652
21.0	13.0	0.466666666667	0.288888888889	0.819213715163	0.619039478986
14.0	13.0	0.538461538462	0.5	0.979826092527	0.746787993806
5.75	3.0	0.338235294118	0.176470588235	0.535100158784	0.512811640417
3.5	3.0	0.4375	0.375	0.582961190818	0.484122918276
2.0	6.875	0.25	0.859375	0.661437827766	1.68104959307
7.0	2.0	0.368421052632	0.105263157895	0.558242195674	0.306892204992
18.0	7.5	0.5625	0.234375	0.704339229349	0.450422978294
7.0625	1.0	0.642045454545	0.0909090909091	0.614740168857	0.287479787288
12.5	5.0	0.446428571429	0.178571428571	0.659264819356	0.467024886808
10.5	4.0	0.4375	0.166666666667	0.726184377414	0.471404520791
16.375	5.5	0.409375	0.1375	0.669647470222	0.370599177009
10.5	3.0	0.45652173913	0.130434782609	0.735926559992	0.33678116054
27.75	9.0	0.616666666667	0.2	0.979795897113	0.439696865276
17.5	4.5	0.875	0.225	0.668487097856	0.460298815988
13.0	6.0	0.52	0.24	0.607947366143	0.512249938995
3.0	3.0	0.5	0.5	0.707106781187	0.5
7.5	7.0	0.416666666667	0.388888888889	0.786165094338	0.825892708184
7.5	5.625	0.340909090909	0.255681818182	0.663776448478	0.672593851941
13.5	4.25	0.45	0.141666666667	0.623832242407	0.363337155943
10.0	14.5	0.4	0.58	0.734846922835	0.81767964387
13.5	16.75	0.158823529412	0.197058823529	0.448604140351	0.48973900259
14.5	9.5	0.725	0.475	0.980752262297	0.580409338312
16.25	4.25	0.70652173913	0.184782608696	0.898828264758	0.501180081887
13.0	6.25	0.65	0.3125	1.21552457811	0.574864114378
1	4	0.166666666667	0.666666666667	0.37267799625	1.10554159679
7.0	8.5	0.21875	0.265625	0.598663876896	0.467446103177
11.5	11.0	0.442307692308	0.423076923077	0.800563780635	0.729756383116
15.0	6.0	0.576923076923	0.230769230769	0.702910264711	0.653846153846
22.25	4.5	1.01136363636	0.204545454545	1.92542390953	0.651206762813
8.5	6.0	0.293103448276	0.206896551724	0.846058216992	0.48275862069
5.0	1.0	0.185185185185	0.037037037037	0.411594643905	0.188852574578
9.25	2.0	0.660714285714	0.142857142857	0.904389804436	0.349927106112
9.0	2.0	0.6	0.133333333333	0.583095189485	0.33993463424
15.5	3.0	0.673913043478	0.130434782609	1.01733556146	0.611793359977
10.5	4.0	0.875	0.333333333333	1.22686932203	0.849836585599
25.0	22.0	0.446428571429	0.392857142857	0.666002007106	0.64409602846
4	5	0.190476190476	0.238095238095	0.392676726249	0.609821355946
7.25	6.25	0.659090909091	0.568181818182	1.15931370408	0.67496556386
12.5	3.0	0.480769230769	0.115384615385	0.671977123448	0.319485533189
11	17	0.282051282051	0.435897435897	0.552324595604	0.708732049286
11.5	10.75	0.884615384615	0.826923076923	1.29946506973	1.06691780821
36.0	19.0	0.5	0.263888888889	0.690963497991	0.577183187644
12.5	5.25	0.892857142857	0.375	0.686049025439	0.63210250073
23.6875	10.25	0.394791666667	0.170833333333	0.812619515782	0.383220091969
9.0	10.0	0.290322580645	0.322580645161	0.504403089391	0.963431259553
13.0	4.0	0.619047619048	0.190476190476	0.843811673651	0.499432784843
24.5	5.0	0.98	0.2	1.17029910707	0.632455532034
11.0	3.0	0.611111111111	0.166666666667	0.808901098809	0.37267799625
17.625	23.25	0.42987804878	0.567073170732	0.711431473317	1.09742546589
25.125	14.3125	0.644230769231	0.366987179487	1.17005179507	0.630453687752
25.875	10.0	0.663461538462	0.25641025641	0.84312540802	0.491880156237
10.0	3.25	0.47619047619	0.154761904762	0.747634212767	0.381695703378
11.0	9.0	0.52380952381	0.428571428571	0.64505796115	0.641533027872
53.5	57.0	0.519417475728	0.553398058252	1.20460751796	1.37357626442
18.75	5.0	0.551470588235	0.147058823529	0.931040317422	0.354164546435
25.25	8.0	0.615853658537	0.19512195122	0.940448713893	0.440039476894
20.0	12.0	0.689655172414	0.413793103448	1.0456296	0.881505036632
4.5	1.5	0.375	0.125	0.544862367943	0.414578098794
19.75	14.5	0.359090909091	0.263636363636	0.683845470921	0.578827541081
14.5	15.0	0.483333333333	0.5	1.00401969879	1.0246950766
31.75	18.75	0.488461538462	0.288461538462	0.834854627178	0.549878953867
10.25	1.0	0.931818181818	0.0909090909091	0.67496556386	0.287479787288
36.75	4.0	1.47	0.16	1.48882504009	0.463033476112
2.25	8.0	0.15	0.533333333333	0.385140666943	0.884433277428
31.25	20.5	0.496031746032	0.325396825397	0.820728556876	0.590323627671
16.25	21.75	0.3125	0.418269230769	0.808421717346	0.540924142108
46.5	30.625	0.540697674419	0.356104651163	0.7518006148	0.715159114334
17.75	11.0	0.612068965517	0.379310344828	1.21695317483	0.651988634524
29.0	18.0	0.397260273973	0.246575342466	0.843828945001	0.476310647965
23.25	12.75	0.465	0.255	0.696437362582	0.480858607077
29.0	26.0	0.475409836066	0.426229508197	0.763813928441	1.0590595332
13.5	9.875	0.45	0.329166666667	0.582380173655	0.697079722047
25.5	11.0	0.566666666667	0.244444444444	0.742368581711	0.523048990931
12.0	7.0	0.413793103448	0.241379310345	0.670421451559	0.566609542247
26.75	19.0	0.356666666667	0.253333333333	0.574707655151	0.492431608337
25.0	6.0	0.555555555556	0.133333333333	0.722435865836	0.4
9.0	5.75	0.375	0.239583333333	0.599478940414	0.556585416975
13.0	12.0	0.302325581395	0.279069767442	0.630056613216	0.573669599235
11.5	15.25	0.348484848485	0.462121212121	0.656954042081	1.10803062417
10.75	7.0	0.43	0.28	0.536283507112	0.448998886413
18.0	8.0	0.6	0.266666666667	0.708872343938	0.512076383191
16.75	15.0	0.465277777778	0.416666666667	0.707481786617	0.682112730989
15.625	16.25	0.339673913043	0.353260869565	0.608289120844	0.664667469484
4.0	14.5	0.16	0.58	0.366606055596	0.792842985717
7.5	19.0	0.214285714286	0.542857142857	0.435655733771	0.730669248717
5.5	12.0	0.261904761905	0.571428571429	0.569440987767	0.711900780368
13.0	6.25	0.684210526316	0.328947368421	1.01580310872	0.778209109612
16.25	9.25	0.580357142857	0.330357142857	0.684827831037	0.482060178096
12.5	12.0	0.446428571429	0.428571428571	0.69871419809	1.04124140979
2	10	0.222222222222	1.11111111111	0.415739709642	0.99380799
6.75	1.0	0.613636363636	0.0909090909091	0.685595596773	0.287479787288
7.0	2.0	0.368421052632	0.105263157895	0.645676007704	0.306892204992
19.75	16.75	0.598484848485	0.507575757576	0.825583801565	0.875778546462
23.8125	16.5	0.50664893617	0.351063829787	0.748695013005	0.691243818925
19.0	9.5	0.475	0.2375	0.621992765231	0.447038868556
10.5	5.5	0.4375	0.229166666667	0.650520624833	0.539659743625
12.5	7.0	0.595238095238	0.333333333333	0.796107309395	0.7126966451
29.25	25.0	0.39527027027	0.337837837838	0.626021808991	0.552072924752
20.25	15.0	0.45	0.333333333333	0.744610263456	0.69920589878
11.5	5.0	0.370967741935	0.161290322581	0.608643944004	0.446980853566
14.25	19.0	0.323863636364	0.431818181818	0.552832441774	0.687476521012
7.0	5.25	0.7	0.525	0.781024967591	0.990265116017
10.25	12.0	0.427083333333	0.5	1.22363692588	1.80277563773
2	3	0.2	0.3	0.4	0.458257569496
20.0	4.0	0.526315789474	0.105263157895	0.722726639203	0.306892204992
9.0	10.75	0.28125	0.3359375	0.466662016346	0.578283339803
3	3	0.6	0.6	0.489897948557	1.2
3.0	6.5	0.25	0.541666666667	0.559016994375	0.802556678511
13.75	4.25	0.763888888889	0.236111111111	1.02899702456	0.395040629259
23.0	12.0	0.34328358209	0.179104477612	0.525179111052	0.420567247869
4.0	10.5	0.121212121212	0.318181818182	0.326373624675	0.625447498198
20.25	5.0	1.0125	0.25	1.23611033084	0.433012701892
15.375	10.0	0.569444444444	0.37037037037	0.718741612941	0.727662322385
5.5	11.0	0.25	0.5	0.470734435846	0.564076074818
19.5	6.5	1.3	0.433333333333	2.15096877399	0.703957069398
10.25	3.0	1.025	0.3	0.778219120814	0.458257569496
21.25	14.0	0.590277777778	0.388888888889	1.14284121117	0.890623307882
3.5	4.5	0.291666666667	0.375	0.518745816583	0.739509972887
3.5	1.0	0.35	0.1	0.55	0.3
7.0625	2.0	0.8828125	0.25	1.04509526891	0.433012701892
8.5	6.5	0.265625	0.203125	0.530099857928	0.46535226912
6.0	10.5	0.285714285714	0.5	0.547101204432	0.755928946018
12.0	5.0	0.413793103448	0.172413793103	0.602708906653	0.377739694831
14	1	1.27272727273	0.0909090909091	1.65644246894	0.287479787288
13.75	5.25	0.654761904762	0.25	1.20632309913	0.566946709514
19.25	4.0	1.01315789474	0.210526315789	1.26821902737	0.69425820833
8.0	5.0	0.5	0.3125	0.744773455488	0.463512405443
5.0	5.5	0.416666666667	0.458333333333	1.01721296798	0.690963497991
1.5	7.5	0.075	0.375	0.326917420766	0.72240916384
7	3	0.5	0.214285714286	0.626783170528	0.410325903324
2	2	0.2	0.2	0.4	0.6
5.25	2.0	0.375	0.142857142857	0.63210250073	0.515078753638
8.0	1.0	0.888888888889	0.111111111111	1.38999955591	0.314269680527
9.5	2.0	1.05555555556	0.222222222222	1.06574033851	0.415739709642
32.75	9.0	0.696808510638	0.191489361702	0.888664085551	0.444268362081
20.25	19.0	0.698275862069	0.655172413793	1.35089260138	1.46865789235
10.5	7.5	0.552631578947	0.394736842105	0.705145316157	0.735901655479
3.5	2.0	0.233333333333	0.133333333333	0.47842333648	0.33993463424
4.25	2.0	0.283333333333	0.133333333333	0.473168985553	0.33993463424
4.75	6.0	0.339285714286	0.428571428571	0.478158137107	0.728431359085
5.5	11.0	0.392857142857	0.785714285714	0.659506618308	0.795394908976
5.5	4.0	0.423076923077	0.307692307692	0.674997260569	0.605692913386
15.5	9.875	0.484375	0.30859375	0.631025640822	0.540348895355
36.0	7.0	0.782608695652	0.152173913043	1.68642976985	0.464729528835
13.0	7.0	0.333333333333	0.179487179487	0.602700475566	0.445593517871
5.75	8.25	0.319444444444	0.458333333333	0.525763700854	0.613788327611
6.5	4.0	0.325	0.2	0.506828373318	0.4
17.5	2.0	0.648148148148	0.0740740740741	0.788397516941	0.261891400439
7.25	11.75	0.3625	0.5875	0.588828285666	0.91949374658
7.0	14.25	0.259259259259	0.527777777778	0.458870803458	0.578685184889
5.0	5.75	0.357142857143	0.410714285714	0.47915742375	0.623978757488
9.5	1.0	0.863636363636	0.0909090909091	1.18879062097	0.287479787288
14.0	1.0	0.583333333333	0.0416666666667	0.920446751432	0.199826313471
8.5	3.0	0.607142857143	0.214285714286	1.13670217592	0.410325903324
19.25	10.0	0.447674418605	0.232558139535	0.697916624624	0.40846902489
23.0	18.875	0.605263157895	0.496710526316	1.00758893258	0.805249451638
17.5	8.0	0.603448275862	0.275862068966	0.755774441183	0.518389530289
13.5	13.25	0.217741935484	0.213709677419	0.572353430611	0.416026650321
14.5	7.0	0.805555555556	0.388888888889	1.48266734945	1.16136360891
12.0	6.75	0.521739130435	0.29347826087	0.616410733859	0.86178585404
9.0	4.0	0.5625	0.25	0.609174646551	0.433012701892
3.25	4.25	0.295454545455	0.386363636364	0.681060184717	0.515262911307
8.5	10.25	1.0625	1.28125	1.33317056298	1.67442854058
15.75	4.25	0.7875	0.2125	0.949588726765	0.427748465807
29.0	16.5	0.707317073171	0.40243902439	1.07053445597	0.584030489046
21.0	17.5	0.6	0.5	1.09414023651	0.72702918
10.5	6.0	0.525	0.3	0.66096520332	0.527967802049
11.0	18.0	0.785714285714	1.28571428571	1.20585307258	1.90595200916
13.5	6.25	0.3	0.138888888889	0.576387215526	0.355729124302
5	1	0.625	0.125	0.484122918276	0.330718913883
9.5	5.0	0.95	0.5	1.70953209973	0.921954445729
22.0	12.5	0.647058823529	0.367647058824	1.01481244112	0.720588235294
14.0	17.0	0.5	0.607142857143	0.823754471048	0.816756901859
23.25	11.25	0.96875	0.46875	1.15314899478	0.715572687316
20.75	3.0	0.6484375	0.09375	0.62142532423	0.291480595409
7.0	5.0	0.636363636364	0.454545454545	0.606439275642	0.655554777357
17.75	8.0	0.422619047619	0.190476190476	1.01548735549	0.545024911536
27.25	15.0	0.879032258065	0.483870967742	1.16548302278	0.837468063597
12.25	2.0	0.510416666667	0.0833333333333	0.772169450135	0.276385399196
19.5	23.25	0.256578947368	0.305921052632	0.476372125194	0.512345426322
19.0	6.25	0.612903225806	0.201612903226	0.964780414757	0.48534721043
9.5	6.25	0.475	0.3125	0.535607132141	0.574864114378
6.5	3.0	1.3	0.6	1.32664991614	0.8
7.5	6.0	0.416666666667	0.333333333333	0.71200031211	0.57735026919
15.5	9.0	0.469696969697	0.272727272727	0.904026296374	0.759694008286
13.25	7.0	0.4140625	0.21875	0.792073463192	0.529408573316
5.0	8.5	0.333333333333	0.566666666667	0.722649446289	0.833999733546
21.0	15.0	0.287671232877	0.205479452055	0.522885881753	0.466960562988
4.0	2.5	0.173913043478	0.108695652174	0.480233087704	0.293276903549
8	3	1.33333333333	0.5	1.10554159679	0.763762615826
33.0	29.5	0.305555555556	0.273148148148	0.624845659956	1.0163803314
8.75	9.0	0.514705882353	0.529411764706	0.677748154224	1.19398724295
9.25	0.0	0.770833333333	0.0	0.572442986001	0.0
2	3	0.125	0.1875	0.330718913883	0.526634360824
21.5	4.0	0.767857142857	0.142857142857	1.01314699661	0.349927106112
39.625	17.75	0.4953125	0.221875	0.836763610492	0.484112832277
16.75	5.0	0.881578947368	0.263157894737	0.987981798031	0.546963412916
11.25	5.5	0.45	0.22	0.648074069841	0.530659966457
4.75	2.5	0.263888888889	0.138888888889	0.503268637	0.401578674856
8.0	2.5	0.727272727273	0.227272727273	0.862439361864	0.4937627496
24.25	14.5	0.551136363636	0.329545454545	0.90701111527	0.611845028453
14.0	6.75	0.636363636364	0.306818181818	0.77138921584	0.648125874164
19.75	24.25	0.30859375	0.37890625	0.646115477265	0.629657935875
7.0	2.0	0.388888888889	0.111111111111	0.566557723733	0.458122847291
25.75	14.75	0.695945945946	0.398648648649	1.21106265479	0.613638515662
14.25	11.25	0.419117647059	0.330882352941	0.749314854294	0.537972050701
10	1	1.11111111111	0.111111111111	1.28620410031	0.314269680527
12.875	5.0	0.515	0.2	1.03701494685	0.565685424949
25.75	17.0	0.515	0.34	0.994245945428	0.710211236183
10	3	1.11111111111	0.333333333333	1.36986977844	0.471404520791
23.0	4.5	0.547619047619	0.107142857143	0.974737594784	0.370580533721
10.5	3.5	0.318181818182	0.106060606061	0.547973979395	0.342839651484
12.0	21.5	0.48	0.86	0.854166260163	1.70598944897
15.25	12.0	0.897058823529	0.705882352941	1.66065814276	1.41482511421
12.5	11.5	0.290697674419	0.267441860465	0.519755735782	0.521054802382
12.5	6.75	0.78125	0.421875	0.683939644632	0.705551369055
2.5	4.375	0.3125	0.546875	0.541265877365	0.960016072457
14.25	6.0	0.527777777778	0.222222222222	0.646691484823	0.566557723733
3	4	0.375	0.5	0.992156741649	0.707106781187
13.0	5.25	1.08333333333	0.4375	1.38192699598	0.693158531651
7.5	3.0	0.833333333333	0.333333333333	1.0	0.471404520791
4.0	8.0	0.307692307692	0.615384615385	0.461538461538	1.07692307692
9	3	0.529411764706	0.176470588235	0.605625302411	0.512811640417
15.25	12.0	0.412162162162	0.324324324324	0.552072924752	0.60645420736
3.25	2.0	0.203125	0.125	0.425906661576	0.330718913883
14.5	1.25	1.31818181818	0.113636363636	1.28404062653	0.35934973411
7.5	2.0	0.375	0.1	0.521416340365	0.3
9	3	0.529411764706	0.176470588235	0.605625302411	0.512811640417
15.25	12.0	0.412162162162	0.324324324324	0.552072924752	0.60645420736
7.5	1.0	0.9375	0.125	1.07347275233	0.330718913883
8.75	10.0	0.729166666667	0.833333333333	0.703105709612	0.920446751432
20.5	17.5	0.38679245283	0.330188679245	0.717973493979	0.621496946868
14.5	4.0	0.659090909091	0.181818181818	0.713288855749	0.649220766231
2.25	3.75	0.321428571429	0.535714285714	0.512596431943	1.31222664792
28.75	13.75	0.422794117647	0.202205882353	0.654814400261	0.514955296713
8.0	8.5	0.8	0.85	0.871779788708	1.37931142241
9.0	8.5	1.125	1.0625	0.7806247498	1.6286017776
8.5	4.5	0.447368421053	0.236842105263	0.626072487019	0.469277750003
20.0	7.0	0.833333333333	0.291666666667	0.852895395436	0.518745816583
9.25	8.5	0.544117647059	0.5	0.595542845039	0.840168050417
9	1	1.125	0.125	0.927024810887	0.330718913883
22.0	15.75	0.785714285714	0.5625	1.38020813278	1.20938480524
14.5	6.0	0.725	0.3	0.954921462739	0.556776436283
9.5	4.0	1.1875	0.5	0.863767185068	0.5
14.5	6.0	0.630434782609	0.260869565217	0.721824248517	0.67356232108
9.25	3.0	0.770833333333	0.25	0.73213680795	0.595119035712
11.0	1.0	1.22222222222	0.111111111111	1.22726233524	0.207869854821
7.0625	6.25	0.321022727273	0.284090909091	0.535094861541	0.555424973175
4.5	4.0	0.75	0.666666666667	0.901387818866	0.471404520791
16.5	1.0	0.785714285714	0.047619047619	0.929944040449	0.212958855
5	3	0.384615384615	0.230769230769	0.486504255411	0.421325044235
3.75	2.0	0.625	0.333333333333	0.572821961869	0.471404520791
7.75	1.0	1.10714285714	0.142857142857	0.884965120955	0.349927106112
4.0	7.0	0.153846153846	0.269230769231	0.360801212294	0.710237896639
11	2	0.6875	0.125	0.768012857965	0.330718913883
5.75	0.0	0.383333333333	0.0	0.554276304944	0.0
5.5	0.0	0.5	0.0	0.564076074818	0.0
5.5	4.0	0.611111111111	0.444444444444	0.566557723733	0.684934889219
14	2	0.875	0.125	1.05326872165	0.330718913883
5.25	2.0	0.75	0.285714285714	0.935414346693	0.451753951453
12.5	1.5	1.13636363636	0.136363636364	0.71002269781	0.431219680932
7.25	6.0	0.90625	0.75	1.11759717139	0.661437827766
10.75	1.0	0.977272727273	0.0909090909091	1.88430884802	0.287479787288
5.5	5.0	0.275	0.25	0.486698058348	0.536190264738
10.0	2.0	0.625	0.125	0.838525491562	0.330718913883
13.0	6.0	0.393939393939	0.181818181818	0.533109457144	0.38569460792
10.5	4.5	0.388888888889	0.166666666667	0.549971940923	0.360041149912
7.0	2.125	0.4375	0.1328125	0.526634360824	0.514380600668
4	0	0.363636363636	0.0	0.642824346533	0.0
10.5	7.5	0.403846153846	0.288461538462	0.572095183871	0.557692307692
8.5	5.5	0.386363636364	0.25	0.475103294554	0.470734435846
7.5	2.5	0.9375	0.3125	0.949917759598	0.555512151082
8.75	6.5	0.972222222222	0.722222222222	1.3460046044	0.785674201318
8.5	8.5	0.303571428571	0.303571428571	0.672671721494	1.04658701872
8.0	2.5	0.615384615385	0.192307692308	0.593355716175	0.368910117178
8.75	2.0	0.729166666667	0.166666666667	0.672823135915	0.37267799625
25.0	13.75	0.862068965517	0.474137931034	1.62892259571	0.794227090088
11.5	5.0	1.04545454545	0.454545454545	1.77999674993	0.89072354283
3.5	2.0	0.7	0.4	0.6	0.489897948557
6.5	1.0	0.928571428571	0.142857142857	0.903507902905	0.349927106112
4.5	0.0	0.9	0.0	0.916515138991	0.0
17.75	20.5	0.306034482759	0.353448275862	0.619446192189	0.643325282993
12.125	2.0	1.10227272727	0.181818181818	1.44286861311	0.38569460792
13.75	6.5	0.572916666667	0.270833333333	0.705186022542	0.594754267651
15.25	10.5	0.401315789474	0.276315789474	0.83022562264	0.439757235975
6.5	5.0	0.722222222222	0.555555555556	0.974996043044	0.95581391856
30.75	2.75	2.36538461538	0.211538461538	1.86211052876	0.498518515262
9.375	3.0	0.721153846154	0.230769230769	0.877268825227	0.575639597965
3.5	8.0	0.166666666667	0.380952380952	0.64241607444	0.5753831416
8.75	1.0	0.416666666667	0.047619047619	0.695792342676	0.212958855
10.5	1.0	0.875	0.0833333333333	0.680838943265	0.276385399196
7.75	11.5	0.31	0.46	0.465188133985	0.66211781429
4.375	0.0	0.875	0.0	0.766485485838	0.0
43.5	32.75	0.478021978022	0.35989010989	0.918856455781	0.611484402693
10.5	1.5	1.05	0.15	1.38654246239	0.320156211872
22.0	6.75	0.448979591837	0.137755102041	0.854131005815	0.374783013719
2.125	0.0	0.53125	0.0	0.470828724166	0.0
9.5	5.75	0.527777777778	0.319444444444	0.964253053206	0.888997389211
7.5	8.5	0.357142857143	0.404761904762	0.515078753638	0.717453293968
22.0	22.0	0.733333333333	0.733333333333	1.26315302143	1.26315302143
4.5	6.0	0.409090909091	0.545454545455	0.556702214269	0.89072354283
13.25	2.0	1.01923076923	0.153846153846	0.762470292369	0.360801212294
10.0	3.5	0.588235294118	0.205882352941	1.10127324864	0.3857316779
15.0	6.75	0.9375	0.421875	0.933324032692	0.727360113269
3.25	1.0	0.361111111111	0.111111111111	0.515201027528	0.314269680527
3.5	1.0	0.583333333333	0.166666666667	0.671854812358	0.37267799625
6	4	0.545454545455	0.363636363636	0.89072354283	0.642824346533
15.75	6.0	0.75	0.285714285714	0.755928946018	0.477379467994
7.8125	5.5	0.9765625	0.6875	1.16589620672	1.09508846675
6.5	3.0	0.5	0.230769230769	0.509524665365	0.575639597965
13.5	3.0	0.3375	0.075	0.944639481495	0.263391343821
14.25	8.0	1.01785714286	0.571428571429	1.01973510966	0.728431359085
6.0	5.5	0.230769230769	0.211538461538	0.421325044235	0.442307692308
5.5	5.0	0.34375	0.3125	0.521977909015	0.582961190818
35.75	9.0	0.388586956522	0.0978260869565	0.642012091044	0.443792514404
5.5	7.5	0.229166666667	0.3125	0.455959763088	0.573957388081
4.0	7.5	0.266666666667	0.5	0.442216638714	0.795822425754
2	8	0.181818181818	0.727272727273	0.38569460792	0.862439361864
19.5	0.5	0.886363636364	0.0227272727273	1.06527651321	0.104149447613
8.375	18.625	0.41875	0.93125	1.03098481439	1.00115168057
11.0	3.0	0.733333333333	0.2	0.78775348654	0.4
10.0	3.5	0.5	0.175	0.74161984871	0.426468052731
9.25	3.5	0.578125	0.21875	0.873743517501	0.466662016346
14.125	4.5	0.588541666667	0.1875	0.653993309036	0.516649865318
11.0	1.0	1.0	0.0909090909091	0.852802865422	0.287479787288
14.5	10.0	0.852941176471	0.588235294118	1.42214322397	0.973702668073
9.25	9.75	0.660714285714	0.696428571429	1.26634718939	0.846096981463
33.0	15.0	0.383720930233	0.174418604651	0.607245106851	0.43647265998
38.25	29.5	0.616935483871	0.475806451613	1.16891677	1.47130460913
10.0	8.0	0.588235294118	0.470588235294	0.895007297335	0.977249866226
7.0	5.5	0.269230769231	0.211538461538	0.443560099795	0.442307692308
36.5	14.0	0.521428571429	0.2	0.727940903634	0.502849025909
13	6	0.5	0.230769230769	0.693375245282	0.421325044235
7.75	5.0	0.553571428571	0.357142857143	0.655870274007	0.742307488958
3.75	2.875	0.625	0.479166666667	0.641450179931	0.686236212167
14.5	9.0	0.391891891892	0.243243243243	0.863174022847	0.540540540541
13.5	10.0	0.5625	0.416666666667	0.781458305563	0.571304550033
16.25	6.0	1.47727272727	0.545454545455	1.80735412292	1.15708382376
14.75	3.0	0.4609375	0.09375	0.673462876552	0.291480595409
10.25	1.0	0.427083333333	0.0416666666667	0.667236084947	0.199826313471
15.5	2.0	1.9375	0.25	1.58976216775	0.433012701892
5	2	0.454545454545	0.181818181818	0.89072354283	0.38569460792
9.5	8.5	0.558823529412	0.5	0.855472916015	0.874474632195
31.5625	20.0	0.438368055556	0.277777777778	0.74633748786	0.606039561924
6.0	3.5	0.428571428571	0.25	0.593330275923	0.411877235524
6.0	4.5	0.666666666667	0.5	1.24721912892	0.57735026919
11.0	2.5	1.1	0.25	1.01980390272	0.403112887415
11.0	11.0	0.458333333333	0.458333333333	0.660124146573	0.815432741283
14.625	11.125	0.286764705882	0.218137254902	0.489030476946	0.413351866422
12.75	2.0	0.980769230769	0.153846153846	0.846153846154	0.360801212294
12.25	9.5	0.3828125	0.296875	0.596160812905	0.597643484341
32.25	15.0	0.80625	0.375	1.50777930663	0.619979838382
4.25	11.0	0.2125	0.55	0.39745282739	0.756637297521
12.25	3.25	0.644736842105	0.171052631579	0.816425897763	0.36321509847
20.0	5.0	0.540540540541	0.135135135135	0.661472337866	0.341867855153
21.0	10.0	0.4375	0.208333333333	0.672177741871	0.406116431034
34.5	20.75	0.605263157895	0.364035087719	1.03761214615	0.763863356131
6.5	9.0	0.65	0.9	0.672681202354	1.01980390272
4.0	8.5	0.333333333333	0.708333333333	0.471404520791	1.91983433892
4.5	4.0	0.642857142857	0.571428571429	1.21638474042	0.728431359085
9.0	5.5	0.5625	0.34375	0.526634360824	0.521977909015
13.75	1.0	0.982142857143	0.0714285714286	0.918385062187	0.257539376819
20.25	15.5	0.460227272727	0.352272727273	0.616863358364	0.579768228128
7.5	1.5	0.681818181818	0.136363636364	0.649220766231	0.308287726506
21.25	0.0	1.51785714286	0.0	2.40992050424	0.0
8	3	0.666666666667	0.25	0.471404520791	0.433012701892
19.5	6.5	0.513157894737	0.171052631579	0.928261264445	0.462776457765
14.25	13.0	0.7125	0.65	0.91949374658	0.919918474649
8.75	2.0	0.514705882353	0.117647058824	0.609185740506	0.322189739709
4.0	3.5	0.173913043478	0.152173913043	0.379034690743	0.343725832627
34.5625	30.75	0.531730769231	0.473076923077	0.828004659393	0.726057685941
7.75	12.0	0.484375	0.75	0.681615440975	1.14564392374
12.5	5.0	0.54347826087	0.217391304348	0.999054373311	0.412470999152
4.25	5.0	0.283333333333	0.333333333333	0.597680702568	0.596284794
14.5	6.75	0.805555555556	0.375	0.85210342501	0.535218024111
7.0	6.0	0.466666666667	0.4	0.49888765157	0.8
19.875	12.5	0.685344827586	0.431034482759	0.836029131478	0.691377160544
15.0	4.0	1.07142857143	0.285714285714	1.43747227125	1.03015750728
5.0	1.0	0.454545454545	0.0909090909091	0.89072354283	0.287479787288
15.0	2.0	1.0	0.133333333333	0.948683298051	0.33993463424
7	7	0.4375	0.4375	0.788095013307	0.496078370825
9	2	1.28571428571	0.285714285714	0.880630571853	0.451753951453
7.0	5.5	0.583333333333	0.458333333333	1.01721296798	1.02993392453
30.5	5.75	1.17307692308	0.221153846154	1.1409536134	0.75424096804
26.25	4.5	1.09375	0.1875	1.84674897342	0.376732110834
33.0	17.0	0.825	0.425	1.31005725066	1.0219466718
8.25	4.0	0.6875	0.333333333333	0.531556284257	0.7453559925
34.75	27.25	0.429012345679	0.336419753086	0.627599000971	0.617592515471
6.0	3.0	0.206896551724	0.103448275862	0.65016233224	0.304543478149
15.0	5.0	0.882352941176	0.294117647059	0.931939971633	0.823529411765
10.5	3.0	1.3125	0.375	0.966226552109	0.484122918276
24.75	8.25	1.17857142857	0.392857142857	1.26100596923	0.666241360935
9.25	2.25	0.544117647059	0.132352941176	0.619744338403	0.364990401353
12.5	5.0	0.568181818182	0.227272727273	0.758219423528	0.669587266484
5.5	11.875	0.275	0.59375	0.486698058348	0.960854925314
14.0	1.25	1.07692307692	0.0961538461538	1.31333623684	0.333086693763
37.75	15.0	0.803191489362	0.31914893617	0.97840535998	0.622499525035
15.5	9.75	0.574074074074	0.361111111111	0.878800779089	0.752567621341
13.0	9.5	0.448275862069	0.327586206897	0.620689655172	0.673076596412
9.75	6.25	0.40625	0.260416666667	0.589899797282	0.45345414291
13.5	5.5	0.435483870968	0.177419354839	0.631714710567	0.371318207523
6.5	5.0	0.541666666667	0.416666666667	0.988650876475	0.606675824107
12.0	1.5	1.71428571429	0.214285714286	1.62254524166	0.364215679542
37.75	19.75	0.580769230769	0.303846153846	0.902035830249	0.57927724811
15.5	5.0	0.455882352941	0.147058823529	0.676470588235	0.354164546435
21.75	9.0	1.20833333333	0.5	1.16741047718	0.957427107756
21.75	9.75	0.54375	0.24375	0.908101556821	0.568681314534
9.0	3.75	1.0	0.416666666667	1.26929551764	0.600925212577
20.125	0.0	0.875	0.0	1.16037381533	0.0
23.3125	8.0	1.55416666667	0.533333333333	1.67563213611	1.4079141388
14.0	8.0	0.583333333333	0.333333333333	0.7453559925	0.897527467856
41.25	4.25	1.375	0.141666666667	1.49269052385	0.604439593526
3.5	3.5	0.35	0.35	0.55	0.55
26.625	18.0	0.682692307692	0.461538461538	0.921974501951	0.663949096217
10.5	2.25	0.807692307692	0.173076923077	1.85574432028	0.408851762028
13.25	1.0	0.697368421053	0.0526315789474	1.37309424718	0.223296878269
8.75	4.5	0.673076923077	0.346153846154	0.804940366787	0.717490696391
12.25	2.0	0.680555555556	0.111111111111	0.676005195758	0.314269680527
19.0	3.5	0.730769230769	0.134615384615	1.624516314	0.326923076923
8.75	3.0	0.486111111111	0.166666666667	0.648032397072	0.37267799625
14.25	2.0	0.838235294118	0.117647058824	1.23948867681	0.322189739709
26.25	13.5	1.3125	0.675	1.71914768127	1.26762573341
15.5	8.25	0.645833333333	0.34375	1.12248948275	1.03534540332
5.25	1.5	0.65625	0.1875	0.67241983723	0.347985272677
12.0	0.0	0.8	0.0	0.92736184955	0.0
10.75	1.0	0.632352941176	0.0588235294118	0.916024206023	0.235294117647
9.5	2.0	0.95	0.2	0.85	0.4
13.75	9.0	0.808823529412	0.529411764706	0.880881125404	0.605625302411
8.5	5.0	0.425	0.25	0.825757228246	0.460977222865
18.75	10.25	0.694444444444	0.37962962963	0.752567621341	0.497076501166
14.5	22.0	0.329545454545	0.5	0.745769750433	0.9594032236
27.0	2.0	0.710526315789	0.0526315789474	1.01067707209	0.223296878269
4.5	9.5	0.3	0.633333333333	0.627162924074	1.61726792943
12.75	5.5	0.708333333333	0.305555555556	0.906190132122	0.604126754748
51.25	13.0	2.69736842105	0.684210526316	3.40527739361	1.65601397079
8.0	6.25	0.8	0.625	1.77763888346	0.800390529679
18.25	5.0	0.9125	0.25	1.05852196482	0.536190264738
25.5	14.25	0.579545454545	0.323863636364	1.01518684923	0.563016291986
21.75	13.5	0.725	0.45	1.45537795778	0.916060405577
11.5	14.125	0.383333333333	0.470833333333	0.7492588931	0.794304814847
10.0	1.0	2.0	0.2	1.26491106407	0.4
25.5	7.0	0.653846153846	0.179487179487	0.67133474162	0.383759731977
8	2	0.5	0.125	0.612372435696	0.330718913883
6	5	0.545454545455	0.454545454545	0.655554777357	0.782029569731
7.75	5.0	0.455882352941	0.294117647059	0.777606121553	0.455645099554
3.0	7.0	0.272727272727	0.636363636364	0.616575453011	0.77138921584
8.0	5.0	0.307692307692	0.192307692308	0.605692913386	0.394113490998
25.0	20.0	0.438596491228	0.350877192982	0.755507122812	0.967520398628
19.5	6.5	0.609375	0.203125	0.990062932028	0.497797885065
7.0	11.0	0.7	1.1	0.9	1.37477270849
3.5	1.5	0.35	0.15	0.45	0.320156211872
3	7	0.3	0.7	0.458257569496	0.9
2.0	7.0	0.046511627907	0.162790697674	0.21059035205	0.55741231694
7	2	0.5	0.142857142857	0.731925054711	0.349927106112
1	1	0.0666666666667	0.0666666666667	0.249443825785	0.249443825785
18.25	7.0	0.760416666667	0.291666666667	0.782221618036	0.538451999305
8.0	6.0	0.380952380952	0.285714285714	0.634424409261	0.451753951453
7	0	0.411764705882	0.0	0.599884648658	0.0
11	2	0.611111111111	0.111111111111	0.95095793159	0.314269680527
7.75	2.0	0.645833333333	0.166666666667	0.563271076441	0.552770798393
10.0	2.0	0.909090909091	0.181818181818	1.72966341731	0.574959574576
18.25	2.5	0.44512195122	0.0609756097561	0.840136812178	0.226185816963
24.0	0.0	0.615384615385	0.0	1.09463457467	0.0
31.0	7.5	0.815789473684	0.197368421053	0.852018135398	0.41816443637
8.0	2.5	0.571428571429	0.178571428571	0.820651806648	0.358924129326
10	3	0.47619047619	0.142857142857	1.09627280316	0.349927106112
6	1	0.75	0.125	0.433012701892	0.330718913883
13.5	5.0	0.54	0.2	0.773563184233	0.632455532034
5.5	3.0	0.423076923077	0.230769230769	0.549340648349	0.575639597965
13.125	2.0	0.690789473684	0.105263157895	1.2646304465	0.306892204992
3.0	7.0	0.375	0.875	0.484122918276	0.7806247498
6.5	1.5	0.216666666667	0.05	0.572761342581	0.197905701451
8.5	5.0	0.944444444444	0.555555555556	1.21207912385	0.684934889219
9.5	5.0	0.863636363636	0.454545454545	0.906815333785	0.89072354283
8.5	1.0	0.708333333333	0.0833333333333	0.828108621431	0.276385399196
9.25	2.0	0.513888888889	0.111111111111	0.951870316149	0.314269680527
7.25	15.5	0.142156862745	0.303921568627	0.357876710754	0.705916393515
6.25	15.0	0.208333333333	0.5	0.491949071438	0.752772652709
10	1	0.666666666667	0.0666666666667	1.01105005921	0.249443825785
5	2	0.263157894737	0.105263157895	0.440347382386	0.446593756539
32.75	32.5	0.761627906977	0.755813953488	1.42949971771	1.52735556933
7.25	4.0	0.381578947368	0.210526315789	0.56990546915	0.407682457496
3	5	0.1875	0.3125	0.526634360824	0.582961190818
9.75	3.0	0.8125	0.25	1.11395036544	0.433012701892
1	1	0.0434782608696	0.0434782608696	0.203931119992	0.203931119992
20.0	15.5	0.645161290323	0.5	0.968816607592	0.782881361259
15.5	4.0	1.10714285714	0.285714285714	0.889995413884	0.589015089374
22.5	15.5	0.661764705882	0.455882352941	1.47887371809	1.58284761566
4.25	2.25	0.472222222222	0.25	0.711458248604	0.471404520791
2.25	1.0	0.204545454545	0.0909090909091	0.437167819583	0.287479787288
5.5	7.25	0.458333333333	0.604166666667	0.593658618699	0.965327736517
8.0	5.0	0.296296296296	0.185185185185	0.565345834166	0.474305499069
19.25	18.5	0.447674418605	0.43023255814	0.94554976554	1.01489714995
20.75	2.5	0.83	0.1	1.15481600266	0.346410161514
9.75	2.0	0.75	0.153846153846	1.34450448407	0.360801212294
10.5	1.0	0.477272727273	0.0454545454545	0.859139007793	0.208298895225
3.5	9.0	0.184210526316	0.473684210526	0.435603825191	0.938555500007
10.5	5.0	0.552631578947	0.263157894737	0.723564583414	0.546963412916
26.25	0.0	0.625	0.0	0.91001373616	0.0
13.75	10.0	0.392857142857	0.285714285714	0.795715568093	0.612788873986
11.5	4.0	0.383333333333	0.133333333333	0.527309733985	0.33993463424
16.0	14.5	0.4	0.3625	0.561248608016	0.524255424388
17.75	8.0	0.455128205128	0.205128205128	0.693078867732	0.462960771417
10.25	3.0	0.602941176471	0.176470588235	0.6589810736	0.512811640417
9.75	7.0	0.443181818182	0.318181818182	0.543200836487	0.554843437079
8.0	6.5	0.363636363636	0.295454545455	0.624896685676	0.577201140873
27.5	9.25	1.01851851852	0.342592592593	0.892162182996	0.65668974913
19.0	3.25	0.863636363636	0.147727272727	1.15730700513	0.374310661182
9.25	3.0	0.770833333333	0.25	1.09667268235	0.433012701892
6.0	2.75	0.352941176471	0.161764705882	0.588235294118	0.445080763248
5	5	0.625	0.625	0.695970545354	0.695970545354
22.0	17.3125	0.846153846154	0.665865384615	1.04254893603	1.41218749816
7.5	3.0	0.9375	0.375	0.807677998958	0.695970545354
7.75	2.0	0.861111111111	0.222222222222	0.678141978652	0.415739709642
5	0	0.555555555556	0.0	0.496903995	0.0
21.625	19.0	0.697580645161	0.612903225806	1.30282501422	0.981355854528
15.5	18.25	0.329787234043	0.38829787234	0.652544901403	0.805249582425
21.75	12.5	0.3625	0.208333333333	0.567202565227	0.400953724124
61.9375	35.25	0.645182291667	0.3671875	0.750623373298	0.686270799814
12.0	9.5	0.3	0.2375	0.556776436283	0.447038868556
13.5	5.0	0.409090909091	0.151515151515	0.964950504733	0.434930305891
16.625	21.0	0.573275862069	0.724137931034	0.755381013545	1.13400576913
35.75	21.5	0.425595238095	0.255952380952	0.646395410445	0.508815428805
25.0	19.3125	0.471698113208	0.364386792453	0.638136248092	0.717016043092
16.0	4.5	0.516129032258	0.145161290323	0.745782453013	0.340624388418
18.25	6.0	0.5703125	0.1875	0.994583720631	0.467707173347
11	6	0.578947368421	0.315789473684	0.674013077625	0.46482951928
9.5	4.0	0.678571428571	0.285714285714	0.974810290283	0.699854212224
11.0	3.0	0.578947368421	0.157894736842	0.65420015235	0.488085183973
14.0	5.0	0.666666666667	0.238095238095	0.863731292725	0.525969572247
14.5	10.0	0.725	0.5	0.766077672302	1.07238052948
14.5	12.0	1.31818181818	1.09090909091	1.08758964673	1.56405913946
24.75	10.75	0.707142857143	0.307142857143	1.05810766784	0.573478466048
6.0	3.5	0.375	0.21875	0.7806247498	0.466662016346
10.25	16.5	0.539473684211	0.868421052632	0.946820016711	1.41274374015
18.0	18.25	0.321428571429	0.325892857143	0.529728463364	0.626640067531
12.75	2.0	1.0625	0.166666666667	0.968917996186	0.37267799625
19.375	5.5	0.691964285714	0.196428571429	0.740627556398	0.60266203681
9.0	4.0	0.5625	0.25	0.949917759598	0.75
6.5	9.0	0.590909090909	0.818181818182	0.668042657123	1.58505416129
5.25	9.5	0.25	0.452380952381	0.449867705421	0.940551534053
8.5	5.5	0.447368421053	0.289473684211	0.646747669866	0.438771894751
17.0	7.0	0.809523809524	0.333333333333	1.58472012308	0.835710894037
31.25	7.0	0.744047619048	0.166666666667	0.783931057233	0.431865646362
36	5	2.76923076923	0.384615384615	3.88594798164	1.33234677505
5.75	0.0	0.638888888889	0.0	0.590563656263	0.0
9.75	1.0	0.573529411765	0.0588235294118	0.910577975318	0.235294117647
8	5	0.727272727273	0.454545454545	0.616575453011	0.9875254992
9.0	3.5	0.818181818182	0.318181818182	1.00617925551	0.683331653562
19.375	5.0	0.775	0.2	0.74161984871	0.632455532034
27.0	12.0	0.473684210526	0.210526315789	0.72801733057	0.48618970037
7	11	0.388888888889	0.611111111111	0.755637250485	0.95095793159
11.0	7.0	0.578947368421	0.368421052632	0.65420015235	0.581334790378
26.25	7.0	0.690789473684	0.184210526316	0.81602819088	0.68269061953
7.0	5.0	0.636363636364	0.454545454545	0.481045692921	0.89072354283
19.0	25.0	0.463414634146	0.609756097561	0.666170745549	1.09606944725
5.75	2.0	0.638888888889	0.222222222222	0.590563656263	0.415739709642
37.75	31.0	0.674107142857	0.553571428571	1.28079882549	1.11674979384
6.125	4.0	0.875	0.571428571429	0.863444100267	0.728431359085
19.0	9.5	0.863636363636	0.431818181818	1.68672502866	1.09019863229
52.25	19.0	0.614705882353	0.223529411765	1.22026572635	0.69559911694
15.5	7.0	0.911764705882	0.411764705882	1.68239407601	0.844276476142
18.5	13.5	0.660714285714	0.482142857143	0.802380069238	0.940005156304
20.375	15.71875	0.702586206897	0.542025862069	0.876177651536	0.974288113995
20.5	1.0	0.891304347826	0.0434782608696	1.09302652956	0.203931119992
21.0	4.0	0.913043478261	0.173913043478	0.90472400203	0.379034690743
10.0	4.25	0.416666666667	0.177083333333	0.640095478989	0.398428989561
10.5	17.1875	0.7	1.14583333333	0.725718035236	1.90663133709
24.5	10.5	1.44117647059	0.617647058824	1.53280167303	1.0782531047
9.25	1.0	0.578125	0.0625	0.671511529592	0.242061459138
7.5	2.0	0.441176470588	0.117647058824	0.72522517682	0.322189739709
12	7	0.5	0.291666666667	0.816496580928	0.538451999305
12.0	12.0	0.461538461538	0.461538461538	0.88712019959	1.54995705228
19.5	3.0	0.8125	0.125	1.49173067833	0.330718913883
19.5	1.0	0.8125	0.0416666666667	1.05881714663	0.199826313471
28.0	24.0	0.451612903226	0.387096774194	0.688088032507	0.656354514496
38.0	5.0	0.678571428571	0.0892857142857	0.802777385464	0.285155703976
24.5	1.0	1.75	0.0714285714286	2.18558589726	0.257539376819
21.25	8.0	0.416666666667	0.156862745098	0.703051239777	0.414092393764
17.5	6.0	1.16666666667	0.4	1.36218778278	0.879393730552
22.625	18.25	0.685606060606	0.55303030303	0.985751334413	1.12100735231
7.5	1.0	0.340909090909	0.0454545454545	0.508705211036	0.208298895225
11	3	0.611111111111	0.166666666667	0.678141978652	0.37267799625
21.3125	5.0	0.734913793103	0.172413793103	0.798647693993	0.377739694831
22.625	18.25	0.646428571429	0.521428571429	0.970311858137	1.09605042339
18.0	11.0	0.58064516129	0.354838709677	0.794098943554	0.598297967451
12.25	6.0	0.875	0.428571428571	0.771998797186	0.494871659305
20.5	16.75	0.585714285714	0.478571428571	0.865907569182	0.807048034885
9.0	4.75	0.5625	0.296875	0.933324032692	0.461136080105
17.5	5.75	0.972222222222	0.319444444444	1.61994703465	0.686201073724
24.5	7.0	1.0652173913	0.304347826087	1.0586532444	0.460130662794
23.0	10.5	0.884615384615	0.403846153846	1.76126971413	0.555033449602
37.75	9.5	0.712264150943	0.179245283019	0.768477155009	0.446097751605
11.0	2.25	0.846153846154	0.173076923077	0.769230769231	0.358745348196
10.5	11.0	0.42	0.44	0.594642749893	0.63749509802
37.0	13.0	1.1935483871	0.41935483871	1.57437862476	0.70820962581
9.5	11.0	0.395833333333	0.458333333333	0.594754267651	0.644151034739
16.5	4.0	0.916666666667	0.222222222222	1.15770366579	0.532870169257
16.25	3.25	0.77380952381	0.154761904762	1.03482446724	0.381695703378
19.0	3.0	1.26666666667	0.2	1.06249183003	0.4
10.5	8.5	0.403846153846	0.326923076923	0.9304592618	0.536052302491
12.75	5.0	0.980769230769	0.384615384615	0.799408065032	0.835598499323
4	3	0.266666666667	0.2	0.442216638714	0.4
10.5	10.0	0.42	0.4	0.594642749893	0.692820323028
12	4	0.8	0.266666666667	1.10754984839	0.442216638714
2	1	0.133333333333	0.0666666666667	0.49888765157	0.249443825785
17.25	10.5	0.638888888889	0.388888888889	0.806034340475	0.643102050155
7.0	2.0	0.636363636364	0.181818181818	1.14991914915	0.38569460792
16.25	3.75	1.08333333333	0.25	0.938379217351	0.508265022733
8.75	2.0	0.729166666667	0.166666666667	0.672823135915	0.37267799625
34.25	8.5	0.778409090909	0.193181818182	1.19684232876	0.46729284534
14.0	8.25	0.736842105263	0.434210526316	0.76723051248	0.90263541506
10.0	2.0	0.416666666667	0.0833333333333	0.602368012283	0.276385399196
7.5	5.25	0.340909090909	0.238636363636	0.59134599233	0.53553962127
4	6	0.333333333333	0.5	0.849836585599	1.11803398875
36.875	34.75	0.341435185185	0.321759259259	0.564581150437	0.605769832686
9.5	1.0	1.1875	0.125	1.27322179922	0.330718913883
7.5	4.0	0.441176470588	0.235294117647	0.539126552348	0.424182502996
26.0	11.5	0.371428571429	0.164285714286	0.695319629922	0.382393108981
4.0	5.5	0.307692307692	0.423076923077	0.461538461538	0.474185692536
8.0	5.5	0.571428571429	0.392857142857	0.703489842985	0.46974808707
17.25	1.0	2.15625	0.125	1.89957848943	0.330718913883
15.0	4.5	0.441176470588	0.132352941176	0.496527735769	0.327845541318
8.4375	6.75	0.401785714286	0.321428571429	0.61497054849	0.728431359085
12.5625	7.25	0.41875	0.241666666667	0.704736579037	0.557088163779
41.5625	16.0625	0.704449152542	0.272245762712	0.944208379287	0.529425795227
10.125	8.0	0.375	0.296296296296	0.741463767502	0.597204277652
17.25	12.0625	0.556451612903	0.389112903226	0.659024442188	0.671967065601
3	0	0.3	0.0	0.640312423743	0.0
8.0	1.5	0.8	0.15	0.979795897113	0.320156211872
4.5	1.0	0.45	0.1	0.788986691903	0.3
15.0	16.0	0.394736842105	0.421052631579	0.735901655479	0.782424670912
21.0	3.0	1.16666666667	0.166666666667	1.74005108482	0.37267799625
13	12	0.866666666667	0.8	1.49962958389	1.22202018532
32.125	14.25	0.629901960784	0.279411764706	0.965381409029	0.496672898098
31.5	7.0	0.732558139535	0.162790697674	1.32769619147	0.478866518185
21.75	15.5	0.345238095238	0.246031746032	0.514528161547	0.555442165299
17.5	7.0	0.795454545455	0.318181818182	1.01867885596	0.923745519677
3.5	1.25	0.583333333333	0.208333333333	0.931694990625	0.465847495312
8	0	1.14285714286	0.0	0.832993127835	0.0
16.0	16.0	0.470588235294	0.470588235294	0.541528018809	0.856988369667
16.0	10.46875	0.571428571429	0.373883928571	0.852666884737	0.934387771012
23.75	15.5	0.376984126984	0.246031746032	0.632883637141	0.555442165299
9.5	3.5	0.633333333333	0.233333333333	0.90308114561	0.749814791947
8.5	4.0	0.425	0.2	0.694172168846	0.4
5.0	3.25	0.416666666667	0.270833333333	0.493006648592	0.624652681274
39.75	19.5	0.503164556962	0.246835443038	0.731841001449	0.520913375786
14.5	5.0	0.966666666667	0.333333333333	0.939266853574	0.596284794
7	4	0.4375	0.25	0.496078370825	0.433012701892
19.0	8.0	0.452380952381	0.190476190476	0.754427596084	0.407553399253
7.5	1.0	1.07142857143	0.142857142857	0.677630927179	0.349927106112
17.5	10.0	0.603448275862	0.344827586207	0.769900467647	0.841831421775
17.75	13.5	0.493055555556	0.375	0.909987238752	0.670561539143
19.5	8.0	0.975	0.4	1.20908022893	0.663324958071
39.5	13.75	1.16176470588	0.404411764706	1.25276510776	0.844564597803
16.75	7.75	0.452702702703	0.209459459459	0.630952298915	0.498353754448
5.0	6.5	0.277777777778	0.361111111111	0.447903208239	0.778273651451
25.25	37.75	0.319620253165	0.477848101266	0.562454933301	0.992208469936
20.5	14.75	0.5	0.359756097561	0.724147943381	0.624814071095
4.0	0.75	0.666666666667	0.125	0.687184270936	0.279508497187
10.25	5.0	0.366071428571	0.178571428571	0.576636424731	0.467024886808
14.5	21.0	0.483333333333	0.7	0.712780159345	0.82259751195
2.25	3.0	0.118421052632	0.157894736842	0.347627495095	0.488085183973
6.0	5.75	0.375	0.359375	0.599478940414	0.54463828306
11.5	2.0	0.71875	0.125	1.06019971586	0.330718913883
12.0	6.75	0.413793103448	0.23275862069	0.707947074746	0.649704954532
25.5	1.5	0.772727272727	0.0454545454545	1.27974257053	0.257129738613
4.25	3.0	0.303571428571	0.214285714286	0.483463798953	0.55787497685
7.25	0.5	0.381578947368	0.0263157894737	0.598069377756	0.111648439135
4.5	8.0	0.264705882353	0.470588235294	0.488624933113	0.977249866226
6.5	17.5	0.224137931034	0.603448275862	0.637698000307	0.959339844362
58.25	19.0	0.685294117647	0.223529411765	1.2684827326	0.69559911694
6.5	3.5	0.5	0.269230769231	0.554700196225	0.504418348023
15.5	11.0	0.516666666667	0.366666666667	0.880183061767	0.718021974285
21.5	9.0	0.693548387097	0.290322580645	1.06768833312	0.727059849651
9.75	2.0	0.8125	0.166666666667	0.490800791225	0.37267799625
6	1	0.428571428571	0.0714285714286	0.622699849077	0.257539376819
9	0	0.9	0.0	1.37477270849	0.0
2	2	0.142857142857	0.142857142857	0.349927106112	0.515078753638
9.0	2.0	0.5	0.111111111111	0.687184270936	0.314269680527
16.5	15.25	0.6875	0.635416666667	1.05881714663	0.997338036837
22.5	16.75	0.5	0.372222222222	0.765578938524	0.82094495387
4.0	8.75	0.235294117647	0.514705882353	0.457539681944	1.04484233343
25.75	9.5	0.715277777778	0.263888888889	0.793096904935	0.617860456098
16.0	8.0	0.727272727273	0.363636363636	0.734340655518	0.481045692921
13.75	5.75	0.597826086957	0.25	0.739929235875	0.483420781694
28.5	1.0	1.425	0.05	1.58922150753	0.217944947177
9.25	6.25	0.385416666667	0.260416666667	0.790500786246	0.53754441031
17.5	6.5	0.625	0.232142857143	1.01440517405	0.472118002372
7.5	4.25	0.576923076923	0.326923076923	0.780683966546	0.630816133341
8.0	2.0	0.363636363636	0.0909090909091	0.582545709908	0.287479787288
8.25	7.0	0.458333333333	0.388888888889	0.613788327611	0.755637250485
5.0	4.25	0.227272727273	0.193181818182	0.419070202604	0.412391984355
14	0	0.823529411765	0.0	1.24783549621	0.0
6.0	2.5	0.545454545455	0.227272727273	0.619917349863	0.4937627496
6.25	10.1875	0.240384615385	0.391826923077	0.441156528729	0.721318090271
4.5	2.3125	0.5625	0.2890625	0.569402098697	0.422669968585
19.75	9.75	0.379807692308	0.1875	0.676690164257	0.499699428888
13.5	1.0	0.675	0.05	0.794905654779	0.217944947177
7.5	1.0	0.576923076923	0.0769230769231	0.549340648349	0.266469355011
17.0	1.0	1.21428571429	0.0714285714286	1.61150202467	0.257539376819
35.25	24.5	0.783333333333	0.544444444444	1.28192563487	1.08945563482
10.0	2.0	0.588235294118	0.117647058824	1.23948867681	0.322189739709
10.5	3.5	1.05	0.35	0.820060973343	0.45
16.375	6.5	0.909722222222	0.361111111111	0.985842099457	0.52189706189
3.0	7.5	0.2	0.5	0.4	0.605530070819
10.0	2.0	0.909090909091	0.181818181818	1.54946004991	0.38569460792
10.0	7.25	0.555555555556	0.402777777778	0.684934889219	0.507847369411
6	4	0.6	0.4	0.916515138991	0.489897948557
14.5	24.75	1.03571428571	1.76785714286	1.66061827679	2.09690308575
5.25	6.0	0.4375	0.5	0.662421378983	0.866025403784
8.75	2.0	1.25	0.285714285714	2.28738778023	0.451753951453
6.25	7.25	0.271739130435	0.315217391304	0.546297037962	0.542825695182
4.0	1.0	0.8	0.2	1.6	0.4
12.25	2.0	0.765625	0.125	0.982140320614	0.330718913883
23.0	10.25	1.04545454545	0.465909090909	1.85195898068	0.892823198883
14.75	4.25	1.05357142857	0.303571428571	0.97366470573	0.613672867051
7	1	0.4375	0.0625	0.609174646551	0.242061459138
8.0	11.0	0.307692307692	0.423076923077	0.481921695621	1.73588986098
14.5	8.25	0.29	0.165	0.58172158289	0.379506258183
0	4	0.0	0.666666666667	0.0	0.471404520791
4.25	4.0	0.25	0.235294117647	0.453742606487	0.457539681944
10.0	5.25	0.714285714286	0.375	1.20214519141	0.760345316287
12.75	5.0	0.53125	0.208333333333	0.722814594139	0.406116431034
8.0	2.0	0.8	0.2	0.812403840464	0.6
11.25	10.0	0.3515625	0.3125	0.652098101204	0.446339276784
19.1875	13.0	0.4796875	0.325	0.688122942209	0.565132727773
22.25	23.0	0.258720930233	0.267441860465	0.526130668427	0.521054802382
7.5	2.0	0.394736842105	0.105263157895	0.699227908189	0.306892204992
25.0	21.75	0.595238095238	0.517857142857	0.773351512805	1.01827476813
14.0	3.0	0.466666666667	0.1	0.64463598686	0.538516480713
8.0	20.5	0.285714285714	0.732142857143	0.699854212224	0.758665920937
15.5	5.5	0.469696969697	0.166666666667	0.662174951012	0.438085827115
7.75	12.0	0.322916666667	0.5	0.588426426771	0.763762615826
7.5	2.5	0.833333333333	0.277777777778	1.05409255339	0.532870169257
6.0	0.0	1.2	0.0	0.857321409974	0.0
8.0	0.0	0.888888888889	0.0	1.07439331143	0.0
9.75	4.75	0.65	0.316666666667	0.835663409115	0.95073071313
15.0625	7.0	0.579326923077	0.269230769231	1.1142053821	0.523133481105
5	2	0.263157894737	0.105263157895	0.440347382386	0.306892204992
13.75	4.0	0.763888888889	0.222222222222	0.756785151435	0.532870169257
39.5	35.0	0.519736842105	0.460526315789	0.896597330385	1.27155923216
22.5	2.0	0.608108108108	0.0540540540541	0.616607272786	0.226124331496
1	2	0.2	0.4	0.4	0.8
18.5	9.5	0.4625	0.2375	0.931312917338	0.47417691846
4	3	0.571428571429	0.428571428571	1.04978131834	1.04978131834
5.5	0.0	0.5	0.0	0.707106781187	0.0
26.25	16.0	0.444915254237	0.271186440678	0.629547518114	0.504824469396
7.0	3.0	0.636363636364	0.272727272727	0.741341201377	0.445361771415
7.0	3.0	0.636363636364	0.272727272727	0.642824346533	0.616575453011
15.0	2.0	0.6	0.08	1.00249688279	0.271293199325
9.25	5.25	0.711538461538	0.403846153846	0.587089904711	0.647023224664
17	14	0.472222222222	0.388888888889	0.68662261635	0.541488574712
16.5	9.0	0.532258064516	0.290322580645	0.771837813807	0.453911202564
7.0	12.25	0.127272727273	0.222727272727	0.33327823236	0.585182037087
11.25	13.5625	0.3125	0.376736111111	0.578476807371	0.693860431512
11.75	5.25	0.559523809524	0.25	0.698232299934	0.54554472559
7.0	4.0	0.7	0.4	0.6	0.916515138991
12.25	3.0	1.11363636364	0.272727272727	1.24025124088	0.616575453011
9.0	0.0	1.0	0.0	1.05409255339	0.0
2.5	6.0	0.25	0.6	0.60207972894	1.01980390272
5.0	3.0	0.714285714286	0.428571428571	0.994884876942	0.494871659305
7.0	4.5	0.388888888889	0.25	0.590563656263	0.583333333333
1.25	2.0	0.0961538461538	0.153846153846	0.333086693763	0.532938710021
7	4	0.466666666667	0.266666666667	0.49888765157	0.573488351136
32.5	13.0	0.738636363636	0.295454545455	1.11415804108	0.651206762813
18.75	2.5	1.171875	0.15625	1.15487671826	0.422742164327
13.375	11.0	0.303977272727	0.25	0.597341248923	0.75
14	3	0.777777777778	0.166666666667	1.3562839573	0.687184270936
0	1	0.0	0.333333333333	0.0	0.471404520791
13.5	1.0	0.75	0.0555555555556	1.59861050777	0.229061423645
13.0	2.0	0.8125	0.125	1.18420595759	0.330718913883
3	3	0.1875	0.1875	0.3903123749	0.3903123749
13.75	4.875	0.916666666667	0.325	1.12422813027	0.853668553948
4.25	0.0	0.303571428571	0.0	0.444997706942	0.0
6.5	3.5	0.342105263158	0.184210526316	0.563182488396	0.435603825191
6.25	14.75	0.520833333333	1.22916666667	0.88068589116	1.41957422216
26.25	10.25	0.486111111111	0.189814814815	0.736635033676	0.399464876965
10.0	4.25	0.625	0.265625	0.7806247498	0.463248971262
14.25	11.5	0.475	0.383333333333	0.936193534123	0.945897574911
7.0	8.0	3.5	4.0	3.5	3.0
15.5	10.0	0.596153846154	0.384615384615	1.93161565878	1.36795532644
5.0	5.0	0.294117647059	0.294117647059	0.570315277343	0.748701297727
10.25	1.0	0.732142857143	0.0714285714286	1.03709882827	0.257539376819
17.25	10.75	0.352040816327	0.219387755102	0.703341817767	0.613688773623
13.5	2.25	0.9	0.15	0.8	0.385140666943
11.0	7.625	0.846153846154	0.586538461538	1.2917581249	0.939753209452
35.625	23.125	0.50176056338	0.325704225352	0.687697781329	0.762073845713
7.0	1.0	0.411764705882	0.0588235294118	0.7714633558	0.235294117647
6.5	1.0	0.590909090909	0.0909090909091	0.732932522573	0.287479787288
12.0	5.5	0.5	0.229166666667	0.707106781187	0.407716370641
13.0	10.25	0.382352941176	0.301470588235	0.582323231565	0.629482197818
6.0	2.0	0.461538461538	0.153846153846	0.989590794636	0.360801212294
4.5	8.0	0.25	0.444444444444	0.478713553878	0.684934889219
5.5	10.0	0.423076923077	0.769230769231	0.549340648349	1.02592143603
10.5	2.0	0.7	0.133333333333	0.871779788708	0.33993463424
7.75	1.0	0.16847826087	0.0217391304348	0.403969259438	0.145830520272
3.0	1.5	0.272727272727	0.136363636364	0.445361771415	0.431219680932
11.5	10.0	0.396551724138	0.344827586207	0.578036366008	0.55481354861
11	0	1.83333333333	0.0	1.21335164821	0.0
12.5	19.0	0.347222222222	0.527777777778	0.831827342899	0.763257314669
20.5	10.0	0.37962962963	0.185185185185	0.738712500992	0.520828189275
2	2	0.4	0.4	0.489897948557	0.8
8.5625	2.0	0.85625	0.2	0.939601810609	0.4
12.0	9.0	0.428571428571	0.321428571429	0.60451110285	0.550394107408
7.0	1.5	1.0	0.214285714286	1.06904496765	0.364215679542
7.5	3.0	0.5	0.2	0.836660026534	0.541602560309
6.5	1.5	0.8125	0.1875	0.704339229349	0.496078370825
12.25	12.0	0.231132075472	0.22641509434	0.544806215773	0.545703957131
18.0	6.0	0.529411764706	0.176470588235	0.641014550521	0.381220041083
4	0	0.4	0.0	0.663324958071	0.0
5.0	3.0	0.357142857143	0.214285714286	0.580288457474	0.410325903324
2.0	0.0	0.5	0.0	0.353553390593	0.0
8.75	6.625	0.416666666667	0.315476190476	0.541895556035	0.452537566875
2	0	0.222222222222	0.0	0.415739709642	0.0
6.0	4.5	0.272727272727	0.204545454545	0.445361771415	0.685218792349
12.5	12.5	0.625	0.625	0.849632273398	1.01087833096
10.0	13.75	0.344827586207	0.474137931034	0.588736933757	0.943089264219
5.625	0.0	0.703125	0.0	1.06422195024	0.0
15.75	5.0	0.477272727273	0.151515151515	1.40529792534	0.358550289885
1	1	0.111111111111	0.111111111111	0.314269680527	0.314269680527
21.84375	16.0	0.574835526316	0.421052631579	1.22002588987	1.01648462715
19.5	0.0	0.78	0.0	1.01074230148	0.0
21.0	6.0	1.05	0.3	1.39328747931	0.9
6.5	7.0	0.309523809524	0.333333333333	0.698232299934	0.64241607444
18.25	17.0	0.73	0.68	1.25483066587	1.28747815515
5	3	5.0	3.0	0.0	0.0
13.0	6.5	0.764705882353	0.382352941176	0.859508188012	0.582323231565
