1.60576092533
3.83751203563
1.73205080757
1.72493379403
1.6932305847
1.60715566837
3.6987848187
1.67080490819
2.13205194792
1.99301708702
3.57796378595
3.62133904663
1.39950561257
1.61117706937
2.41810016355
1.36943068016
1.58458676175
1.99474840186
2.38945734208
3.58076415866
1.26471565926
3.44583014374
1.66317409924
3.78868993945
1.41407850607
1.72928005035
1.41361130529
2.42941037389
1.0
1.30305755805
3.95229702029
1.7001809694
1.38598185037
1.88870509274
3.61948795206
1.68419186519
1.38598185037
2.22976795877
1.0
1.73089665376
1.72611346944
1.60576092533
1.0
1.66326883815
3.51147966273
1.73205080757
1.41421356237
1.70770172047
1.63306596133
2.43320974466
1.0
3.67256736026
1.68957080858
1.58703923111
1.37397991411
1.37308976854
1.6652902803
1.92188959271
1.71899176108
1.95633193722
2.16738432881
0
0
1.6590521725
2.18347484288
1.0
1.26471565926
1.41371135154
1.32997562049
1.86023179935
2.15047166023
1.0
1.33260283706
1.93460754864
2.23362198742
1.0
1.41162018745
1.30305755805
1.0
1.41162018745
1.67509924012
1.72847954069
3.76183903726
1.32997562049
1.72250498636
1.41421356237
1.0
1.41421356237
2.22976795877
1.4108575766
1.36244758434
3.64675399979
1.67182346097
3.55666065008
1.91366782378
1.0
2.4109867803
1.0
3.15989170093
2.22978174888
1.38598185037
1.92266889692
1.0
1.26471565926
2.9703061759
1.96828803334
1.72272624084
1.39950561257
2.15025277182
1.94794523609
1.92516225277
1.41089255475
3.53735124054
3.69121335
1.37805058754
1.70939201234
1.38078867153
2.17699178879
2.22936117431
1.72250498636
1.41421356237
1.83915384537
1.0
2.22187454538
1.41135663294
1.92778743204
1.0
3.71502844755
2.54423134108
3.70981650405
1.0
1.17986390924
1.26471565926
1.41415237743
0
1.98366939999
1.99301708702
2.2239151119
1.85611802041
1.32997562049
1.59714299729
3.61845929119
3.64394618956
2.2360679775
3.73340482873
1.72026242887
3.87086857751
1.26471565926
1.33260283706
1.60576092533
1.41421356237
3.64152558704
3.58076415866
1.41107925186
3.64002614079
1.41421356237
1.41421356237
1.61158302574
1.39326302642
1.58900748919
1.99740673931
3.64579052022
1.89705070193
1.7208756694
1.41421356237
1.91079731421
1.7208756694
1.72611346944
1.69545059215
1.39341267155
3.68327334677
1.29482409741
2.38951741141
3.86104746456
1.0
1.58703923111
2.81841495513
2.82685696378
1.38904969516
1.72495566012
1.99505850268
1.39797220483
1.88118948708
1.0
3.59154621386
1.32368426183
1.98369846006
1.0
1.0
2.38920515387
1.70907038568
1.26471565926
1.91850595338
1.41218318323
1.72910919834
1.09495633989
1.69974410457
1.7001809694
2.44948974278
3.61680126168
1.41162018745
1.66142696465
3.62133904663
2.17024362931
1.98033448907
2.2360679775
1.37687193178
1.0
1.36935608911
1.95178655008
2.16957460473
1.0
1.37308976854
1.4137769363
1.0
1.73205080757
1.70965104709
1.65840651874
3.64579052022
1.37607909573
3.67304264297
1.35586145061
1.65708602597
3.4739197374
1.9302897219
1.36943068016
1.41421356237
1.0
1.99740673931
1.7057721943
1.72364060924
3.57452254269
1.67404293675
1.73205080757
1.36935608911
1.36475815672
1.5797885831
1.9384517939
3.55872305196
1.38657548127
2.90124635425
2.22976795877
1.26471565926
1.95419523117
1.41421356237
1.4129736097
1.35586145061
1.88986893318
1.64778258424
3.80367093263
1.0
1.85650542132
1.0
1.64427294299
1.70954078565
1.1042154326
2.22122949754
1.0
3.57796378595
1.0
1.36244758434
1.38676046552
3.81214114497
1.72933718394
1.41421356237
1.34661875149
2.19479903851
1.4131256525
1.37687193178
1.0
1.64675762139
1.33260283706
3.59082788902
1.41421356237
1.36935608911
3.71625090197
1.69975966228
1.71756140845
1.26471565926
3.03435714236
3.64675399979
1.71509384694
1.6590521725
1.0
1.0
3.80488441985
3.15783515389
1.41024473565
1.40724325897
3.64362932135
1.62829266567
3.77098194207
1.72493379403
1.7208756694
1.38666732751
1.41421356237
2.22187454538
3.64579052022
3.64579052022
1.95910107074
1.0
2.22936117431
1.68419186519
1.63874521137
3.82358360446
1.99301708702
3.64152558704
1.96652225706
3.64510503306
2.13707702451
1.66503920581
1.70654222518
1.72859348413
1.33260283706
1.4140969842
1.40724325897
2.19153512066
1.0
3.64579052022
3.83947440968
1.69306550778
1.96201853323
1.72859348413
1.97859597538
1.4137769363
1.38904969516
1.66592535264
2.2360679775
1.41162018745
1.41010371937
1.40338601498
1.69751576048
1.96652225706
1.39950561257
3.77802153304
1.73669811682
2.63415985617
1.40920120881
1.41421356237
1.73205080757
1.66867052258
3.64579052022
1.88115659952
1.68988758014
1.35586145061
3.60560752228
3.32999424161
1.95853681988
1.41267405019
1.41162018745
1.99014250239
1.26471565926
1.73137879557
1.38657548127
1.96609576472
1.41196777019
1.37510133017
1.65373911762
1.41351272834
1.93693132844
1.06771939005
1.41417561293
3.64152558704
1.34661875149
1.71172139302
1.84897438435
1.72485278764
1.0
1.85113671117
1.39445446927
1.67080490819
2.17514272497
3.7096532625
1.37308976854
1.97706312104
1.6915166984
1.65193936772
1.58703923111
1.69603201452
1.72859348413
1.65408565149
1.72287303751
1.96652225706
1.3848428163
2.4227237103
1.41218318323
2.63254725817
1.41162018745
2.14141369785
3.64362932135
3.71199319052
3.51147966273
1.0
1.72485278764
2.22891602408
1.40724325897
1.0
1.68341472807
1.0
2.21854056176
3.64394618956
1.99740673931
1.32997562049
1.87571691778
1.0
1.0
2.70658804169
3.76183903726
1.41162018745
3.81175549218
1.41421356237
1.72611346944
1.69840575373
3.1621119281
1.0
1.40907544178
1.0
1.85793663335
1.27510353078
2.60178479348
1.96019256497
3.63842736866
1.0
1.68399714689
1.40809745515
1.98032457721
2.20546939305
2.55584406768
1.51409891044
