0.0511901463292 0.948809853671
0.0308483331952 0.969151666805
0.812473870221 0.187526129779
0.999487699615 0.000512300384875
0.995868024853 0.00413197514662
0.660008768001 0.339991231999
0.99057960596 0.00942039404049
0.967685255275 0.0323147447249
0.657288751226 0.342711248774
0.31158778312 0.688412216879
0.029042967795 0.970957032205
0.254727132491 0.745272867509
0.641311324503 0.358688675497
0.0198982362809 0.980101763719
0.860356570619 0.139643429381
0.971600610535 0.0283993894645
0.0107221397037 0.989277860296
0.927571533573 0.0724284664275
0.998323498051 0.00167650194913
0.981349976386 0.0186500236142
0.0428583248097 0.95714167519
0.391418265287 0.608581734713
0.0187521014883 0.981247898512
0.640035311308 0.359964688692
0.788447422679 0.211552577321
0.878212588009 0.121787411991
0.312992387484 0.687007612516
0.991644220575 0.00835577942515
0.961434282646 0.0385657173536
0.678049460326 0.321950539674
0.546049841642 0.453950158358
0.999951210363 4.87896373511e-05
0.999976948804 2.30511960424e-05
0.0695355869237 0.930464413076
0.799549480974 0.200450519026
0.044754265594 0.955245734406
0.207505343425 0.792494656575
0.963476147879 0.0365238521205
0.967685255275 0.0323147447249
0.976576939729 0.023423060271
0.657288751226 0.342711248774
0.554111353666 0.445888646334
0.986993514225 0.0130064857753
0.928948700154 0.0710512998463
0.996036136153 0.00396386384739
0.99999612641 3.87358996886e-06
0.680723741152 0.319276258848
0.9997962666 0.000203733400147
0.609202373198 0.390797626802
0.997369466057 0.00263053394314
0.999925757753 7.42422466565e-05
0.983062388047 0.0169376119529
0.100059526945 0.899940473055
0.143540868658 0.856459131342
0.40375988429 0.59624011571
0.989610653737 0.0103893462634
0.0963396186288 0.903660381371
0.677914144616 0.322085855384
0.606856315644 0.393143684356
0.970555591083 0.0294444089175
0.0853551477213 0.914644852279
0.0963396186288 0.903660381371
0.915490714208 0.0845092857923
0.713896534951 0.286103465049
0.822496778428 0.177503221572
0.0050189789891 0.994981021011
0.992984230156 0.00701576984447
0.984926541747 0.0150734582529
0.801208192377 0.198791807623
0.981401692072 0.0185983079281
0.640319108863 0.359680891137
0.395297602494 0.604702397506
0.983765126324 0.0162348736763
0.801208192377 0.198791807623
0.206239314754 0.793760685246
0.0787556110592 0.921244388941
0.720960770332 0.279039229668
0.138361716716 0.861638283284
0.0386538967804 0.96134610322
0.291001790618 0.708998209382
0.999965637811 3.43621892049e-05
0.987584465322 0.0124155346776
0.130482407544 0.869517592456
0.0529701720742 0.947029827926
0.885974609854 0.114025390146
0.920538135881 0.0794618641192
0.988090467821 0.0119095321785
0.999933331009 6.6668990499e-05
0.690707163182 0.309292836818
0.165477575962 0.834522424038
0.497607720302 0.502392279698
0.999898736274 0.000101263725865
0.0932456901872 0.906754309813
0.985788522281 0.0142114777193
0.314837159181 0.685162840819
0.664804736963 0.335195263037
0.407298229974 0.592701770026
0.763911124412 0.236088875588
0.978445426492 0.0215545735081
0.0138053515214 0.986194648479
0.990769098745 0.00923090125471
0.991721634661 0.00827836533868
0.0511901463292 0.948809853671
0.0810794664769 0.918920533523
0.996471876616 0.00352812338388
0.719021493901 0.280978506099
0.315885437877 0.684114562123
0.411430897343 0.588569102657
0.894916498741 0.105083501259
0.601286006703 0.398713993297
0.567490301905 0.432509698095
0.988199668906 0.0118003310943
0.0283985519188 0.971601448081
0.266768288537 0.733231711463
0.464324381933 0.535675618067
0.0529701720742 0.947029827926
0.0258252422212 0.974174757779
0.977370021955 0.022629978045
0.129512011893 0.870487988107
0.990063791796 0.00993620820365
0.131117900346 0.868882099654
0.312284533128 0.687715466872
0.68625028491 0.313749715089
0.816790933596 0.183209066404
0.38986935387 0.61013064613
0.725107528378 0.274892471622
0.129512011893 0.870487988107
0.0793052094434 0.920694790557
0.999859592113 0.000140407886576
0.463147192469 0.536852807531
0.788120150136 0.211879849864
0.401492222885 0.598507777115
0.665364893396 0.334635106604
0.233695719979 0.766304280021
0.181358635473 0.818641364527
0.230548924718 0.769451075282
0.170517484339 0.829482515661
0.790890787087 0.209109212913
0.819271772425 0.180728227575
0.710248165056 0.289751834944
0.138947533743 0.861052466257
0.96679949929 0.03320050071
2.82223984299e-05 0.999971777602
0.369674508922 0.630325491078
0.0497322480501 0.95026775195
0.528415687926 0.471584312074
0.341095519814 0.658904480186
0.954427996967 0.0455720030332
0.252126804377 0.747873195623
0.731720869219 0.268279130781
0.98304132223 0.0169586777705
0.489167496349 0.510832503651
0.498924795471 0.501075204529
0.992972490803 0.00702750919666
0.981447804181 0.0185521958187
0.010291011768 0.989708988232
0.0511901463292 0.948809853671
0.971892311094 0.0281076889062
0.6588759338 0.3411240662
0.791109269669 0.208890730331
0.654372916032 0.345627083968
0.355831487904 0.644168512096
0.0105599558751 0.989440044125
0.155100932601 0.844899067399
0.985407049308 0.0145929506925
0.868336906372 0.131663093628
0.0179889286486 0.982011071351
0.0556732009611 0.944326799039
0.980165676021 0.0198343239791
0.776708355926 0.223291644074
0.878411710749 0.121588289251
0.74683301488 0.25316698512
0.999855937318 0.00014406268193
0.985361026098 0.0146389739019
0.0120301336666 0.987969866333
0.0519903890539 0.948009610946
0.606134348539 0.393865651461
0.0410145345638 0.958985465436
0.641207455601 0.358792544399
0.126506807737 0.873493192263
0.411430897343 0.588569102657
0.0164670065847 0.983532993415
0.2311034137 0.7688965863
0.0071602631339 0.992839736866
0.558397381917 0.441602618083
0.0161045697852 0.983895430215
0.734860607426 0.265139392574
0.231444161922 0.768555838078
0.950711766412 0.049288233588
0.668427117708 0.331572882292
0.648792994308 0.351207005692
0.164917557454 0.835082442546
0.33424153275 0.66575846725
0.620352169958 0.379647830042
0.351825156146 0.648174843854
0.0156202395601 0.98437976044
0.568132643621 0.431867356379
0.100065116606 0.899934883394
0.924297108245 0.0757028917547
0.0138821309263 0.986117869074
0.525244166525 0.474755833475
0.242107604323 0.757892395677
0.00256176627219 0.997438233728
0.352486775831 0.647513224169
0.999044679269 0.000955320730798
0.882277800776 0.117722199224
0.504099208172 0.495900791828
0.0603722498826 0.939627750117
0.956820070576 0.043179929424
0.0308891216316 0.969110878368
0.62873149827 0.37126850173
0.5907064277 0.4092935723
0.652019536963 0.347980463037
0.0310284092924 0.968971590708
0.534208417979 0.465791582021
0.575767554073 0.424232445927
0.5539574499 0.4460425501
0.0258252422212 0.974174757779
0.757932008902 0.242067991098
0.999967249088 3.27509124537e-05
0.343561732429 0.656438267571
0.677895369103 0.322104630897
0.999999748497 2.51503120068e-07
0.118547577924 0.881452422076
0.833222428853 0.166777571147
0.432876291152 0.567123708848
0.477837593121 0.522162406879
0.0993329333496 0.90066706665
0.349229504912 0.650770495088
0.936321424188 0.0636785758125
0.812849213221 0.187150786779
0.99484137329 0.00515862671028
0.475814460965 0.524185539035
0.0144417797789 0.985558220221
0.998821841233 0.00117815876684
0.927385100131 0.0726148998689
0.444473725903 0.555526274097
0.99809523728 0.0019047627203
0.474326328683 0.525673671317
0.864725790339 0.135274209661
6.08960885731e-05 0.999939103911
0.411196645316 0.588803354684
0.996308528923 0.00369147107679
0.89148717905 0.10851282095
0.059644802492 0.940355197508
0.780068791383 0.219931208617
0.484440642728 0.515559357272
0.807453460535 0.192546539465
0.832937166846 0.167062833154
0.555769081543 0.444230918457
0.137405056568 0.862594943432
0.0285303872541 0.971469612746
0.984035878068 0.0159641219317
0.968832870629 0.0311671293708
0.00110667807598 0.998893321924
0.918968275868 0.0810317241321
0.0327977727957 0.967202227204
0.154379903711 0.845620096289
0.471911414766 0.528088585234
0.995159042233 0.00484095776728
0.225246650505 0.774753349495
0.0511901463292 0.948809853671
0.781303293003 0.218696706997
0.150116796441 0.849883203559
0.110448699669 0.889551300331
0.0578821776298 0.94211782237
0.610678757668 0.389321242332
0.999726593148 0.000273406851918
0.0511901463292 0.948809853671
0.157549588234 0.842450411766
0.894916498741 0.105083501259
0.903273174463 0.0967268255373
0.555975751838 0.444024248162
0.973001401536 0.0269985984637
0.0010167278899 0.99898327211
0.967486341354 0.0325136586462
0.955229542999 0.044770457001
0.903273174463 0.0967268255373
0.129336255804 0.870663744196
0.0696643620752 0.930335637925
0.000295990107657 0.999704009892
0.782209320392 0.217790679608
0.782776541848 0.217223458152
0.329441208138 0.670558791862
0.0901748528063 0.909825147194
0.809326237905 0.190673762095
0.999686926792 0.000313073207584
0.44439424754 0.55560575246
0.102228541651 0.897771458349
0.163378858901 0.836621141099
0.866795584694 0.133204415306
0.0721684048805 0.92783159512
0.999362392796 0.000637607203661
0.935149546702 0.0648504532976
0.525292515808 0.474707484192
0.194940018686 0.805059981314
0.569983811015 0.430016188985
0.195408173992 0.804591826008
0.555975751838 0.444024248162
0.999988777239 1.12227613598e-05
0.999942147006 5.78529941304e-05
0.168216802794 0.831783197206
0.967029737771 0.0329702622286
0.0340467570814 0.965953242919
0.969174624895 0.0308253751055
0.725375180927 0.274624819073
0.999559010944 0.00044098905613
0.551563881277 0.448436118723
0.364444098271 0.635555901729
0.931468662025 0.0685313379747
0.0963396186288 0.903660381371
0.430059168513 0.569940831487
0.972794969384 0.0272050306156
0.997348443795 0.00265155620539
0.998546972813 0.00145302718708
0.402497041104 0.597502958896
0.998718761375 0.00128123862516
0.00432216848206 0.995677831518
0.939581199544 0.0604188004559
0.999986983137 1.30168630108e-05
0.961681598037 0.0383184019633
0.0308891216316 0.969110878368
0.274283687444 0.725716312556
0.982791039648 0.0172089603521
0.493130362076 0.506869637924
0.304138307668 0.695861692332
0.713896534951 0.286103465049
0.935816472977 0.0641835270228
0.467835960498 0.532164039502
0.602121834331 0.397878165669
0.999933017814 6.69821856455e-05
0.997652673542 0.00234732645779
0.996626224941 0.00337377505912
0.598438241598 0.401561758402
0.998410276407 0.00158972359284
0.822496778428 0.177503221572
0.951511004444 0.0484889955561
0.993647498768 0.0063525012321
0.610678757668 0.389321242332
0.999476254661 0.000523745338737
0.980843030277 0.0191569697228
0.71618455409 0.28381544591
0.389719926473 0.610280073527
0.958456695703 0.0415433042967
0.0669129299555 0.933087070045
0.0932456901872 0.906754309813
0.856284168825 0.143715831175
0.999328186171 0.000671813828755
0.0869084402264 0.913091559774
0.251325724391 0.748674275609
0.974154428093 0.0258455719072
0.906256760673 0.093743239327
0.117087541469 0.882912458531
0.283554985355 0.716445014645
0.216700875805 0.783299124195
0.999726593148 0.000273406851918
0.0511901463292 0.948809853671
0.729964312573 0.270035687427
0.0050189789891 0.994981021011
0.992984230156 0.00701576984447
0.987444553905 0.012555446095
0.00709994555202 0.992900054448
0.00818177972942 0.991818220271
0.157549588234 0.842450411766
0.610678757668 0.389321242332
0.569898392629 0.430101607371
0.196631191847 0.803368808153
0.997216083537 0.00278391646259
0.528986953182 0.471013046818
0.484363267608 0.515636732392
0.855511648888 0.144488351112
0.0397894345845 0.960210565415
0.999937736032 6.22639680609e-05
0.015612821671 0.984387178329
0.980288590315 0.019711409685
0.400156862618 0.599843137382
0.237499130651 0.762500869349
0.272044110885 0.727955889115
0.990776491223 0.00922350877651
0.00552477858406 0.994475221416
0.943512364868 0.0564876351319
0.934362399688 0.0656376003117
0.0511901463292 0.948809853671
0.011856993561 0.988143006439
0.00553405349849 0.994465946502
0.999981211173 1.87888268337e-05
0.0553588769159 0.944641123084
0.702294446459 0.297705553541
0.435703366821 0.564296633179
0.0581481733624 0.941851826638
3.18320056394e-06 0.999996816799
0.00221973671695 0.997780263283
0.0237589403979 0.976241059602
0.379958388329 0.620041611671
0.17816858322 0.82183141678
0.000841427418509 0.999158572581
0.114586815669 0.885413184331
0.505849195707 0.494150804293
0.0412322329167 0.958767767083
0.937686344925 0.0623136550746
0.0289853722685 0.971014627731
0.84762648444 0.15237351556
0.073597172018 0.926402827982
0.00721429067013 0.99278570933
0.000400906001226 0.999599093999
0.143540868658 0.856459131342
0.126480078631 0.873519921369
0.0113939524482 0.988606047552
0.796398182765 0.203601817235
0.0430926246966 0.956907375303
0.587896891244 0.412103108756
0.904006211617 0.0959937883828
2.94310724946e-14 1.0
0.584651003804 0.415348996196
0.129502357299 0.870497642701
0.0827978691004 0.9172021309
0.0511901463292 0.948809853671
0.547913937442 0.452086062558
0.00241996813257 0.997580031867
0.148031170448 0.851968829552
0.0546900665416 0.945309933458
0.0947036093333 0.905296390667
0.205931524584 0.794068475416
0.323178302835 0.676821697165
0.0943562451895 0.90564375481
4.79319863842e-05 0.999952068014
0.0810898811164 0.918910118884
0.98030176128 0.0196982387202
0.854167318017 0.145832681983
0.0171202163256 0.982879783674
0.00015947538239 0.999840524618
0.750534428251 0.249465571749
0.212886651359 0.787113348641
0.0131876960861 0.986812303914
0.00417373217421 0.995826267826
0.0434186165587 0.956581383441
0.0466751971891 0.953324802811
0.159215558106 0.840784441894
0.0166380599643 0.983361940036
0.670418336774 0.329581663226
0.00010926226165 0.999890737738
0.103253132914 0.896746867086
0.0511901463292 0.948809853671
0.0559794255033 0.944020574497
0.0511901463292 0.948809853671
0.147249827246 0.852750172754
0.999963412359 3.65876406011e-05
0.999503295867 0.000496704133249
0.167536045359 0.832463954641
0.997440929994 0.00255907000603
0.986992528301 0.0130074716986
0.601981621565 0.398018378435
0.0329214610442 0.967078538956
0.984295754109 0.0157042458907
0.991687553285 0.00831244671498
0.80789672558 0.19210327442
0.181000029077 0.818999970923
0.000148134629396 0.999851865371
0.0288092820527 0.971190717947
0.00270381849302 0.997296181507
0.000215809142443 0.999784190858
0.0615232868855 0.938476713115
0.0104827761109 0.989517223889
0.000315184789474 0.999684815211
0.0077084370576 0.992291562942
0.00117665663069 0.998823343369
0.000316191119116 0.999683808881
0.0116209690032 0.988379030997
0.0455393916875 0.954460608313
0.0116990993734 0.988300900627
0.00228874016399 0.997711259836
6.8121724794e-05 0.999931878275
5.08541561099e-05 0.999949145844
0.101312180186 0.898687819814
0.160918464063 0.839081535937
0.470864714026 0.529135285974
0.000440133567442 0.999559866433
0.0085942761176 0.991405723882
0.0932456901872 0.906754309813
0.00113718393238 0.998862816068
0.00342575210299 0.996574247897
0.00110108807399 0.998898911926
0.00443153575971 0.99556846424
0.0796384687787 0.920361531221
0.737151375326 0.262848624674
0.110980266166 0.889019733834
0.0234790584792 0.976520941521
0.000171485882871 0.999828514117
0.0645362974086 0.935463702591
0.00398249038313 0.996017509617
0.0573451042578 0.942654895742
7.50794033673e-10 0.999999999249
1.50861728551e-05 0.999984913827
5.83283063983e-10 0.999999999417
0.0122724074759 0.987727592524
3.41886838739e-07 0.999999658113
4.1000389995e-06 0.999995899961
0.00543583204112 0.994564167959
7.24963845759e-06 0.999992750362
5.69516448098e-05 0.999943048355
0.00724534703489 0.992754652965
0.0508728086617 0.949127191338
0.0020301560362 0.997969843964
0.752277262296 0.247722737704
2.72779113461e-07 0.999999727221
0.00543024604521 0.994569753955
0.0471317946183 0.952868205382
4.22009690464e-05 0.999957799031
0.0267481236527 0.973251876347
0.0118973816632 0.988102618337
0.0042910340185 0.995708965981
0.0529701720742 0.947029827926
3.10808770723e-17 1.0
0.0026556689776 0.997344331022
3.25332965472e-05 0.999967466703
0.000490974701021 0.999509025299
0.00993273268794 0.990067267312
0.0071602631339 0.992839736866
0.00716396391213 0.992836036088
0.000839137177788 0.999160862822
0.305300072154 0.694699927846
0.0458198472242 0.954180152776
0.0104265002027 0.989573499797
0.00208164362368 0.997918356376
0.00958431357432 0.990415686426
0.152534071445 0.847465928555
0.0227263501939 0.977273649806
0.0140690184807 0.985930981519
0.00944183012002 0.99055816988
